CTD,20190304CCHSIOLMM
#---------------------------------------------------------------------,,,,,,,,,,,,,,,,
#Transmissivity - fluorescence and PAR data are nominal and unedited except that some records were removed in editing temperature and salinity.,,,,,,,,,,,,,,,,
#,,,,,,,,,,,,,,,,
#The Oxygen:Dissolved:CTD data in the CTD files should be considered:,,,,,,,,,,,,,,,,
#± 0.8 ml/l from 0 to 250 dbar.,,,,,,,,,,,,,,,,
#± 0.2 ml/l below 250 dbar.,,,,,,,,,,,,,,,,
#Data below 1200 dbar are considered unreliable by the manufacturer.,,,,,,,,,,,,,,,,
#---------------------------------------------------------------------,,,,,,,,,,,,,,,,
#For details on the processing see processing report: 2007-01-proc.pdf,,,,,,,,,,,,,,,,
#---------------------------------------------------------------------,,,,,,,,,,,,,,,,
#,,,,,,,,,,,,,,,,
#File Name,Zone,FIL:START TIME YYYY/MM/DD, HH:MM,LOC:EVENT_NUMBER,LOC:LATITUDE,LOC:LONGITUDE,LOC:STATION,Pressure:CTD [dbar],Temperature:CTD [deg_C_(ITS90)],Salinity:CTD [PSS-78],Sigma-t:CTD [kg/m^3],Transmissivity:CTD [*/m],Oxygen:Dissolved:CTD:Volume [ml/l],Oxygen:Dissolved:CTD:Mass [µmol/kg],Fluorescence:CTD:Seapoint [mg/m^3],PAR:CTD [µE/m^2/sec]
#,,,,,,,,,,,,,,,,
NUMBER_HEADERS = 8
EXPOCODE = 18DD20070207
STNBR = P23
CASTNO = 1
DATE = 14/02/2007
TIME =  10:44
LATITUDE = 49.76667
LONGITUDE = -141.66666999999998
CTDPRS,CTDPRS_FLAG_W,CTDTMP,CTDTMP_FLAG_W,CTDSAL,CTDSAL_FLAG_W,CTDOXY,CTDOXY_FLAG_W,CTDXMISS,CTDXMISS_FLAG_W,CTDFLUOR,CTDFLUOR_FLAG_W,PAR,PAR_FLAG_W
DBAR,,ITS-90,,PSS-78,,UMOL/KG,,,,MG/M^3,,UE/m^2/sec,
3.3,2,6.5652,2,32.51,2,-99.0,2,36.4,2,,2,,2
4.0,2,6.5641,2,32.5176,2,-99.0,2,47.6,2,,2,,2
5.0,2,6.5629,2,32.5197,2,-99.0,2,50.2,2,,2,,2
5.9,2,6.562,2,32.5198,2,-99.0,2,54.1,2,,2,,2
7.0,2,6.5614,2,32.5183,2,-99.0,2,56.3,2,,2,,2
8.0,2,6.5617,2,32.5219,2,-99.0,2,56.9,2,,2,,2
9.0,2,6.5625,2,32.5217,2,-99.0,2,56.9,2,,2,,2
10.0,2,6.5613,2,32.5225,2,-99.0,2,56.7,2,,2,,2
11.0,2,6.5597,2,32.5229,2,-99.0,2,57.0,2,,2,,2
12.0,2,6.5594,2,32.523,2,-99.0,2,57.2,2,,2,,2
13.0,2,6.5593,2,32.5227,2,-99.0,2,57.2,2,,2,,2
13.9,2,6.5604,2,32.5224,2,-99.0,2,57.2,2,,2,,2
15.0,2,6.56,2,32.5229,2,-99.0,2,57.2,2,,2,,2
16.0,2,6.5597,2,32.5229,2,-99.0,2,57.2,2,,2,,2
16.9,2,6.5608,2,32.5223,2,-99.0,2,57.2,2,,2,,2
18.0,2,6.5601,2,32.5226,2,-99.0,2,57.2,2,,2,,2
19.0,2,6.5606,2,32.5227,2,291.8,2,57.2,2,,2,,2
20.0,2,6.56,2,32.5228,2,291.9,2,57.3,2,,2,,2
21.0,2,6.5598,2,32.5229,2,291.9,2,57.2,2,,2,,2
22.0,2,6.5594,2,32.5229,2,291.9,2,57.2,2,,2,,2
23.1,2,6.5593,2,32.5228,2,292.1,2,57.2,2,,2,,2
24.0,2,6.559,2,32.5229,2,293.2,2,57.2,2,,2,,2
25.0,2,6.5583,2,32.5232,2,293.4,2,57.2,2,,2,,2
26.0,2,6.5581,2,32.5234,2,293.5,2,57.2,2,,2,,2
27.0,2,6.5591,2,32.523,2,293.5,2,57.2,2,,2,,2
28.0,2,6.5589,2,32.5233,2,293.4,2,57.2,2,,2,,2
29.0,2,6.5578,2,32.5237,2,293.4,2,57.1,2,,2,,2
30.0,2,6.5571,2,32.5236,2,293.2,2,57.2,2,,2,,2
31.0,2,6.5565,2,32.5235,2,293.1,2,57.3,2,,2,,2
31.9,2,6.5584,2,32.5234,2,293.5,2,57.3,2,,2,,2
33.0,2,6.5589,2,32.5231,2,294.1,2,57.2,2,,2,,2
34.0,2,6.5579,2,32.5235,2,293.9,2,57.2,2,,2,,2
35.0,2,6.5577,2,32.5236,2,293.7,2,57.2,2,,2,,2
36.0,2,6.5582,2,32.5238,2,293.5,2,57.2,2,,2,,2
37.0,2,6.559,2,32.5237,2,293.4,2,57.2,2,,2,,2
38.0,2,6.5585,2,32.5236,2,293.2,2,57.3,2,,2,,2
39.0,2,6.5579,2,32.5238,2,293.1,2,57.2,2,,2,,2
40.1,2,6.5583,2,32.5232,2,293.2,2,57.2,2,,2,,2
40.8,2,6.5576,2,32.5237,2,293.9,2,57.3,2,,2,,2
41.9,2,6.5564,2,32.5243,2,294.5,2,57.3,2,,2,,2
43.0,2,6.5561,2,32.5243,2,294.4,2,57.3,2,,2,,2
44.0,2,6.5558,2,32.5242,2,294.2,2,57.2,2,,2,,2
45.0,2,6.5556,2,32.5247,2,294.1,2,57.2,2,,2,,2
46.0,2,6.5558,2,32.5242,2,293.9,2,57.2,2,,2,,2
47.0,2,6.5557,2,32.524,2,293.7,2,57.3,2,,2,,2
47.9,2,6.5558,2,32.5239,2,293.9,2,57.3,2,,2,,2
49.0,2,6.5562,2,32.5242,2,294.5,2,57.4,2,,2,,2
50.0,2,6.5566,2,32.5238,2,294.5,2,57.2,2,,2,,2
51.0,2,6.5565,2,32.5238,2,294.5,2,57.2,2,,2,,2
52.0,2,6.5572,2,32.524,2,294.4,2,57.3,2,,2,,2
53.0,2,6.5582,2,32.5237,2,294.2,2,57.1,2,,2,,2
54.0,2,6.5571,2,32.5241,2,293.9,2,57.2,2,,2,,2
54.9,2,6.5549,2,32.5244,2,293.6,2,57.3,2,,2,,2
56.5,2,6.5555,2,32.5245,2,294.9,2,57.2,2,,2,,2
57.0,2,6.5553,2,32.5246,2,295.0,2,57.2,2,,2,,2
58.0,2,6.5554,2,32.5246,2,294.9,2,57.1,2,,2,,2
59.0,2,6.5552,2,32.5253,2,294.7,2,57.2,2,,2,,2
60.0,2,6.5549,2,32.5252,2,294.5,2,57.4,2,,2,,2
61.0,2,6.5537,2,32.5257,2,294.2,2,57.4,2,,2,,2
62.0,2,6.5524,2,32.5265,2,294.1,2,57.4,2,,2,,2
63.0,2,6.5503,2,32.528,2,294.0,2,57.4,2,,2,,2
64.1,2,6.5462,2,32.5302,2,293.8,2,57.4,2,,2,,2
65.1,2,6.5456,2,32.5302,2,293.9,2,57.5,2,,2,,2
66.0,2,6.5466,2,32.5301,2,295.3,2,57.5,2,,2,,2
67.0,2,6.5451,2,32.5312,2,295.1,2,57.6,2,,2,,2
68.0,2,6.5398,2,32.5353,2,294.9,2,57.6,2,,2,,2
69.0,2,6.5345,2,32.5391,2,294.6,2,57.7,2,,2,,2
70.0,2,6.5287,2,32.5446,2,294.3,2,57.9,2,,2,,2
71.0,2,6.5183,2,32.5539,2,294.0,2,58.1,2,,2,,2
72.0,2,6.5143,2,32.5562,2,293.7,2,58.4,2,,2,,2
73.0,2,6.5096,2,32.5568,2,293.3,2,58.7,2,,2,,2
74.0,2,6.4804,2,32.5701,2,292.8,2,58.8,2,,2,,2
75.1,2,6.4659,2,32.58,2,292.3,2,59.1,2,,2,,2
76.0,2,6.4618,2,32.5908,2,291.7,2,59.4,2,,2,,2
77.0,2,6.4559,2,32.5958,2,291.2,2,59.4,2,,2,,2
78.0,2,6.4515,2,32.5979,2,290.9,2,59.5,2,,2,,2
79.0,2,6.4392,2,32.6017,2,290.6,2,59.5,2,,2,,2
80.0,2,6.4262,2,32.6108,2,290.3,2,59.6,2,,2,,2
81.0,2,6.4222,2,32.6135,2,290.0,2,59.7,2,,2,,2
82.0,2,6.4183,2,32.6174,2,289.8,2,59.6,2,,2,,2
83.0,2,6.4136,2,32.6235,2,289.5,2,59.6,2,,2,,2
83.9,2,6.4099,2,32.6325,2,289.1,2,59.6,2,,2,,2
84.9,2,6.4112,2,32.6374,2,288.1,2,59.8,2,,2,,2
86.0,2,6.4127,2,32.6389,2,287.5,2,59.8,2,,2,,2
87.0,2,6.4112,2,32.6688,2,287.1,2,59.7,2,,2,,2
88.0,2,6.4075,2,32.6784,2,286.5,2,59.8,2,,2,,2
89.0,2,6.4045,2,32.6819,2,286.0,2,59.9,2,,2,,2
90.0,2,6.3964,2,32.6957,2,285.4,2,59.8,2,,2,,2
91.1,2,6.3854,2,32.7153,2,284.6,2,59.9,2,,2,,2
91.9,2,6.3663,2,32.7247,2,281.8,2,60.1,2,,2,,2
93.0,2,6.3437,2,32.734,2,281.3,2,60.0,2,,2,,2
94.0,2,6.337000000000001,2,32.7366,2,280.9,2,60.1,2,,2,,2
95.0,2,6.3279,2,32.7427,2,280.4,2,60.1,2,,2,,2
96.0,2,6.3234,2,32.7595,2,280.1,2,60.1,2,,2,,2
97.1,2,6.3278,2,32.7707,2,279.5,2,60.1,2,,2,,2
98.0,2,6.3341,2,32.7824,2,278.4,2,60.1,2,,2,,2
99.0,2,6.3353,2,32.796,2,276.7,2,60.0,2,,2,,2
100.0,2,6.2886,2,32.8466,2,275.1,2,60.1,2,,2,,2
101.0,2,6.2414,2,32.8974,2,273.6,2,60.1,2,,2,,2
102.0,2,6.2346,2,32.9276,2,271.9,2,60.2,2,,2,,2
103.0,2,6.2355,2,32.9527,2,270.1,2,60.2,2,,2,,2
104.1,2,6.2285,2,32.9812,2,268.2,2,60.3,2,,2,,2
104.9,2,6.2272,2,32.9877,2,266.5,2,60.3,2,,2,,2
106.0,2,6.2109,2,33.0131,2,264.6,2,60.3,2,,2,,2
107.0,2,6.1879,2,33.0437,2,262.7,2,60.3,2,,2,,2
108.0,2,6.1774,2,33.0576,2,261.0,2,60.3,2,,2,,2
109.0,2,6.1609,2,33.0715,2,259.4,2,60.1,2,,2,,2
110.0,2,6.0919,2,33.1516,2,257.5,2,60.2,2,,2,,2
111.0,2,6.0295,2,33.2342,2,255.5,2,60.3,2,,2,,2
112.1,2,5.9893,2,33.2986,2,253.1,2,60.3,2,,2,,2
112.7,2,5.9625,2,33.3397,2,250.8,2,60.3,2,,2,,2
114.0,2,5.9179,2,33.4342,2,243.7,2,60.5,2,,2,,2
115.0,2,5.8978,2,33.4841,2,241.8,2,60.3,2,,2,,2
116.0,2,5.8839999999999995,2,33.5067,2,240.2,2,60.4,2,,2,,2
117.0,2,5.8888,2,33.513000000000005,2,238.6,2,60.4,2,,2,,2
118.0,2,5.9177,2,33.5357,2,236.9,2,60.4,2,,2,,2
119.0,2,5.9193,2,33.5596,2,234.9,2,60.4,2,,2,,2
120.0,2,5.8875,2,33.6127,2,232.7,2,60.5,2,,2,,2
121.0,2,5.8371,2,33.6344,2,230.4,2,60.5,2,,2,,2
122.0,2,5.7943,2,33.6404,2,227.7,2,60.5,2,,2,,2
123.0,2,5.7643,2,33.6408,2,225.1,2,60.5,2,,2,,2
124.0,2,5.7267,2,33.6397,2,222.9,2,60.5,2,,2,,2
125.0,2,5.7146,2,33.6417,2,221.3,2,60.5,2,,2,,2
126.0,2,5.6934,2,33.6499,2,220.1,2,60.5,2,,2,,2
127.0,2,5.6943,2,33.6544,2,218.8,2,60.5,2,,2,,2
128.0,2,5.6978,2,33.6571,2,217.9,2,60.5,2,,2,,2
129.0,2,5.7009,2,33.6637,2,216.9,2,60.5,2,,2,,2
130.0,2,5.7017,2,33.6781,2,215.7,2,60.5,2,,2,,2
131.0,2,5.723,2,33.6962,2,214.7,2,60.5,2,,2,,2
132.0,2,5.761,2,33.7203,2,213.7,2,60.5,2,,2,,2
133.0,2,5.7616,2,33.7317,2,212.6,2,60.5,2,,2,,2
134.0,2,5.7646,2,33.7347,2,211.6,2,60.6,2,,2,,2
135.0,2,5.7657,2,33.7359,2,210.7,2,60.5,2,,2,,2
135.9,2,5.7687,2,33.7381,2,209.8,2,60.6,2,,2,,2
136.9,2,5.7609,2,33.7389,2,208.9,2,60.6,2,,2,,2
138.0,2,5.7551,2,33.7406,2,208.2,2,60.6,2,,2,,2
139.0,2,5.7517,2,33.7407,2,207.7,2,60.6,2,,2,,2
140.0,2,5.745,2,33.7417,2,207.3,2,60.5,2,,2,,2
141.0,2,5.7259,2,33.7443,2,206.6,2,60.5,2,,2,,2
141.8,2,5.7137,2,33.7462,2,206.0,2,60.5,2,,2,,2
143.3,2,5.7083,2,33.7461,2,205.1,2,60.6,2,,2,,2
144.0,2,5.7079,2,33.7468,2,204.8,2,60.6,2,,2,,2
145.0,2,5.7069,2,33.7476,2,204.3,2,60.5,2,,2,,2
146.0,2,5.7033,2,33.7478,2,204.0,2,60.5,2,,2,,2
147.0,2,5.7010000000000005,2,33.7491,2,203.5,2,60.5,2,,2,,2
148.0,2,5.6999,2,33.7499,2,203.0,2,60.5,2,,2,,2
149.0,2,5.6981,2,33.7497,2,202.5,2,60.5,2,,2,,2
150.0,2,5.6923,2,33.7508,2,202.0,2,60.5,2,,2,,2
151.0,2,5.6688,2,33.7498,2,201.5,2,60.5,2,,2,,2
152.1,2,5.6268,2,33.7545,2,201.0,2,60.5,2,,2,,2
152.8,2,5.5815,2,33.7604,2,200.7,2,60.5,2,,2,,2
154.3,2,5.5908,2,33.7572,2,198.9,2,60.5,2,,2,,2
155.0,2,5.586,2,33.7564,2,198.6,2,60.5,2,,2,,2
156.0,2,5.5701,2,33.7586,2,197.9,2,60.5,2,,2,,2
157.0,2,5.5664,2,33.7585,2,197.2,2,60.5,2,,2,,2
158.0,2,5.5583,2,33.7581,2,196.5,2,60.5,2,,2,,2
159.0,2,5.5447,2,33.758,2,195.6,2,60.5,2,,2,,2
160.0,2,5.5144,2,33.7562,2,194.7,2,60.5,2,,2,,2
161.2,2,5.4367,2,33.7572,2,193.9,2,60.4,2,,2,,2
162.0,2,5.4051,2,33.7613,2,193.2,2,60.4,2,,2,,2
163.2,2,5.3825,2,33.7624,2,192.2,2,60.4,2,,2,,2
165.3,2,5.374,2,33.7605,2,188.6,2,60.5,2,,2,,2
166.0,2,5.3652,2,33.7593,2,188.1,2,60.5,2,,2,,2
167.0,2,5.3524,2,33.7594,2,187.4,2,60.5,2,,2,,2
168.0,2,5.3315,2,33.7587,2,186.6,2,60.5,2,,2,,2
169.0,2,5.3033,2,33.7599,2,185.8,2,60.5,2,,2,,2
170.1,2,5.2781,2,33.7631,2,184.7,2,60.5,2,,2,,2
171.0,2,5.2622,2,33.7628,2,183.7,2,60.5,2,,2,,2
172.0,2,5.2044,2,33.7602,2,182.6,2,60.5,2,,2,,2
172.6,2,5.1304,2,33.7702,2,182.0,2,60.5,2,,2,,2
175.3,2,5.1133,2,33.7592,2,176.5,2,60.5,2,,2,,2
176.0,2,5.0936,2,33.7669,2,176.1,2,60.5,2,,2,,2
177.1,2,5.0881,2,33.768,2,175.5,2,60.5,2,,2,,2
178.0,2,5.0859,2,33.7681,2,175.0,2,60.5,2,,2,,2
179.0,2,5.0806,2,33.7672,2,174.4,2,60.5,2,,2,,2
180.0,2,5.0728,2,33.7677,2,173.8,2,60.5,2,,2,,2
181.0,2,5.0654,2,33.7677,2,173.2,2,60.5,2,,2,,2
182.0,2,5.0593,2,33.7687,2,172.7,2,60.5,2,,2,,2
183.0,2,5.0506,2,33.7687,2,172.1,2,60.5,2,,2,,2
184.0,2,5.0412,2,33.7713,2,171.0,2,60.5,2,,2,,2
185.0,2,5.0378,2,33.7694,2,167.9,2,60.5,2,,2,,2
186.0,2,5.0321,2,33.771,2,167.3,2,60.5,2,,2,,2
187.1,2,5.0003,2,33.7687,2,166.7,2,60.5,2,,2,,2
188.1,2,4.9629,2,33.7727,2,166.1,2,60.5,2,,2,,2
189.0,2,4.9462,2,33.7764,2,165.4,2,60.5,2,,2,,2
190.0,2,4.9401,2,33.7779,2,164.8,2,60.5,2,,2,,2
191.0,2,4.9377,2,33.7779,2,164.1,2,60.5,2,,2,,2
192.0,2,4.9335,2,33.7772,2,163.4,2,60.5,2,,2,,2
192.8,2,4.9166,2,33.7796,2,163.0,2,60.4,2,,2,,2
194.2,2,4.9171,2,33.7802,2,159.3,2,60.3,2,,2,,2
195.0,2,4.9026,2,33.7794,2,159.0,2,60.3,2,,2,,2
196.0,2,4.8846,2,33.7829,2,158.5,2,60.4,2,,2,,2
197.0,2,4.8818,2,33.7822,2,157.9,2,60.5,2,,2,,2
197.9,2,4.8727,2,33.7837,2,157.4,2,60.5,2,,2,,2
199.4,2,4.8711,2,33.7847,2,155.6,2,60.5,2,,2,,2
200.0,2,4.8687,2,33.7835,2,155.2,2,60.6,2,,2,,2
201.0,2,4.8616,2,33.7844,2,154.4,2,60.5,2,,2,,2
202.0,2,4.8558,2,33.7844,2,153.9,2,60.4,2,,2,,2
203.0,2,4.8202,2,33.7876,2,153.2,2,60.1,2,,2,,2
203.7,2,4.8089,2,33.7894,2,152.8,2,60.3,2,,2,,2
205.4,2,4.8049,2,33.7896,2,150.8,2,60.6,2,,2,,2
206.0,2,4.7991,2,33.7899,2,150.2,2,60.7,2,,2,,2
207.0,2,4.7948,2,33.7899,2,149.6,2,60.7,2,,2,,2
208.0,2,4.7859,2,33.789,2,149.1,2,60.7,2,,2,,2
209.0,2,4.7726,2,33.7914,2,148.6,2,60.7,2,,2,,2
210.0,2,4.7665,2,33.7926,2,148.0,2,60.7,2,,2,,2
211.0,2,4.761,2,33.7928,2,147.5,2,60.7,2,,2,,2
212.0,2,4.7538,2,33.7946,2,147.0,2,60.7,2,,2,,2
213.1,2,4.751,2,33.7956,2,145.8,2,60.8,2,,2,,2
213.9,2,4.751,2,33.796,2,143.7,2,60.8,2,,2,,2
215.0,2,4.7459,2,33.7959,2,143.2,2,60.8,2,,2,,2
216.0,2,4.7369,2,33.7979,2,142.7,2,60.7,2,,2,,2
217.0,2,4.7264,2,33.7998,2,142.1,2,60.7,2,,2,,2
218.0,2,4.7232,2,33.8003,2,141.5,2,60.8,2,,2,,2
219.0,2,4.7112,2,33.8023,2,140.9,2,60.8,2,,2,,2
220.0,2,4.703,2,33.8038,2,140.0,2,60.8,2,,2,,2
221.0,2,4.7026,2,33.8038,2,139.2,2,60.7,2,,2,,2
222.0,2,4.7001,2,33.804,2,138.4,2,60.7,2,,2,,2
223.0,2,4.6943,2,33.8043,2,137.7,2,60.6,2,,2,,2
224.0,2,4.6826,2,33.8059,2,137.0,2,60.6,2,,2,,2
225.0,2,4.6695,2,33.8075,2,136.2,2,60.6,2,,2,,2
226.0,2,4.6515,2,33.8102,2,135.4,2,60.7,2,,2,,2
227.0,2,4.6387,2,33.813,2,134.4,2,60.8,2,,2,,2
228.0,2,4.6287,2,33.815,2,133.4,2,60.8,2,,2,,2
229.0,2,4.6266,2,33.8163,2,132.2,2,60.8,2,,2,,2
230.0,2,4.6187,2,33.8174,2,131.0,2,60.8,2,,2,,2
231.0,2,4.6121,2,33.818000000000005,2,130.1,2,60.8,2,,2,,2
232.0,2,4.6081,2,33.8181,2,129.3,2,60.8,2,,2,,2
233.0,2,4.6002,2,33.8196,2,128.6,2,60.8,2,,2,,2
234.0,2,4.5955,2,33.8206,2,128.0,2,60.8,2,,2,,2
235.0,2,4.5932,2,33.8212,2,127.4,2,60.8,2,,2,,2
236.0,2,4.5898,2,33.8223,2,126.8,2,60.8,2,,2,,2
237.0,2,4.5885,2,33.8229,2,126.0,2,60.8,2,,2,,2
238.0,2,4.5858,2,33.824,2,125.1,2,60.8,2,,2,,2
239.0,2,4.5811,2,33.826,2,124.0,2,60.7,2,,2,,2
240.0,2,4.5708,2,33.8297,2,123.2,2,60.8,2,,2,,2
241.0,2,4.5677,2,33.8309,2,122.3,2,60.8,2,,2,,2
242.0,2,4.5642,2,33.8319,2,121.7,2,60.8,2,,2,,2
243.0,2,4.5622,2,33.8327,2,121.0,2,60.8,2,,2,,2
244.0,2,4.56,2,33.8333,2,120.4,2,60.8,2,,2,,2
245.0,2,4.5573,2,33.8347,2,119.7,2,60.8,2,,2,,2
246.0,2,4.5519,2,33.838,2,119.1,2,60.8,2,,2,,2
247.0,2,4.5504,2,33.8387,2,118.4,2,60.8,2,,2,,2
248.0,2,4.5473,2,33.8399,2,117.8,2,60.8,2,,2,,2
249.0,2,4.5456,2,33.8403,2,117.1,2,60.8,2,,2,,2
250.0,2,4.5423,2,33.8405,2,116.5,2,60.8,2,,2,,2
251.0,2,4.5349,2,33.8423,2,116.0,2,60.8,2,,2,,2
252.0,2,4.5296,2,33.8452,2,115.4,2,60.8,2,,2,,2
253.0,2,4.5273,2,33.8469,2,114.6,2,60.8,2,,2,,2
254.0,2,4.5267,2,33.8474,2,114.0,2,60.8,2,,2,,2
255.0,2,4.5264,2,33.848,2,113.3,2,60.8,2,,2,,2
256.0,2,4.5261,2,33.8486,2,112.6,2,60.8,2,,2,,2
257.0,2,4.5259,2,33.8497,2,111.9,2,60.8,2,,2,,2
258.0,2,4.5247,2,33.8521,2,111.0,2,60.8,2,,2,,2
259.0,2,4.5231,2,33.8545,2,110.2,2,60.8,2,,2,,2
260.0,2,4.5221,2,33.8561,2,109.5,2,60.8,2,,2,,2
260.9,2,4.5193,2,33.8585,2,108.8,2,60.8,2,,2,,2
262.0,2,4.5167,2,33.8603,2,108.2,2,60.8,2,,2,,2
263.0,2,4.5142,2,33.8618,2,107.4,2,60.8,2,,2,,2
264.0,2,4.5145,2,33.8618,2,106.8,2,60.8,2,,2,,2
265.0,2,4.5144,2,33.8635,2,106.2,2,60.8,2,,2,,2
266.0,2,4.5092,2,33.8671,2,105.5,2,60.8,2,,2,,2
267.0,2,4.5043,2,33.87,2,104.8,2,60.8,2,,2,,2
268.0,2,4.5028,2,33.8711,2,104.2,2,60.8,2,,2,,2
269.0,2,4.5009,2,33.8737,2,103.6,2,60.8,2,,2,,2
270.0,2,4.4979,2,33.8777,2,103.1,2,60.8,2,,2,,2
271.0,2,4.4959,2,33.8794,2,102.5,2,60.8,2,,2,,2
272.0,2,4.4951,2,33.8803,2,101.8,2,60.9,2,,2,,2
274.3,2,4.4923,2,33.8832,2,98.0,2,60.8,2,,2,,2
274.9,2,4.4907,2,33.8843,2,97.6,2,60.8,2,,2,,2
276.0,2,4.4903,2,33.8848,2,97.2,2,60.9,2,,2,,2
277.0,2,4.4896,2,33.8854,2,96.7,2,60.8,2,,2,,2
278.0,2,4.4879,2,33.8866,2,96.4,2,60.9,2,,2,,2
279.0,2,4.4866,2,33.8874,2,96.0,2,60.8,2,,2,,2
280.0,2,4.4836,2,33.8896,2,95.6,2,60.9,2,,2,,2
281.0,2,4.4813,2,33.8916,2,95.1,2,60.9,2,,2,,2
282.0,2,4.4793,2,33.8921,2,94.8,2,60.9,2,,2,,2
283.1,2,4.4772,2,33.8934,2,94.3,2,60.8,2,,2,,2
284.0,2,4.4763,2,33.8934,2,93.7,2,60.8,2,,2,,2
284.9,2,4.4736,2,33.8942,2,92.8,2,60.1,2,,2,,2
286.0,2,4.4723,2,33.8943,2,92.1,2,60.8,2,,2,,2
287.0,2,4.4686,2,33.8953,2,91.6,2,60.8,2,,2,,2
288.0,2,4.4651,2,33.8962,2,91.2,2,60.8,2,,2,,2
289.0,2,4.4632,2,33.897,2,90.8,2,60.8,2,,2,,2
290.0,2,4.4627,2,33.8976,2,90.4,2,60.8,2,,2,,2
291.0,2,4.4623,2,33.898,2,90.0,2,60.8,2,,2,,2
292.0,2,4.4612,2,33.8991,2,89.5,2,60.9,2,,2,,2
293.0,2,4.4536,2,33.9034,2,88.9,2,60.8,2,,2,,2
294.0,2,4.4522,2,33.9037,2,88.1,2,60.6,2,,2,,2
295.0,2,4.4521,2,33.9045,2,87.2,2,60.5,2,,2,,2
296.0,2,4.45,2,33.9051,2,86.8,2,60.8,2,,2,,2
297.0,2,4.4467,2,33.906,2,86.5,2,60.8,2,,2,,2
298.0,2,4.4461,2,33.9064,2,86.2,2,60.9,2,,2,,2
299.0,2,4.4438,2,33.9077,2,85.8,2,60.9,2,,2,,2
300.0,2,4.4448,2,33.9088,2,85.6,2,61.0,2,,2,,2
301.0,2,4.4443,2,33.9098,2,85.3,2,60.9,2,,2,,2
302.0,2,4.4429,2,33.9098,2,85.0,2,60.9,2,,2,,2
303.0,2,4.4386,2,33.9117,2,84.7,2,60.8,2,,2,,2
304.0,2,4.4374,2,33.9119,2,84.4,2,60.9,2,,2,,2
305.0,2,4.4348,2,33.9134,2,84.0,2,61.0,2,,2,,2
306.0,2,4.4315,2,33.9141,2,83.7,2,61.0,2,,2,,2
307.0,2,4.431,2,33.9145,2,83.4,2,61.0,2,,2,,2
308.0,2,4.4296,2,33.915,2,83.0,2,61.0,2,,2,,2
309.0,2,4.428999999999999,2,33.9153,2,82.7,2,61.0,2,,2,,2
310.0,2,4.427,2,33.916,2,82.3,2,61.0,2,,2,,2
311.0,2,4.4259,2,33.9167,2,81.9,2,60.9,2,,2,,2
312.0,2,4.4242,2,33.9175,2,81.5,2,60.8,2,,2,,2
313.0,2,4.4235,2,33.9177,2,81.1,2,60.9,2,,2,,2
314.0,2,4.4208,2,33.9188,2,80.6,2,60.9,2,,2,,2
315.0,2,4.4156,2,33.9197,2,80.3,2,60.9,2,,2,,2
316.0,2,4.4126,2,33.9207,2,79.9,2,61.0,2,,2,,2
317.0,2,4.4087,2,33.9215,2,79.5,2,61.0,2,,2,,2
318.0,2,4.4054,2,33.9222,2,79.0,2,61.0,2,,2,,2
319.0,2,4.3994,2,33.9243,2,78.5,2,60.9,2,,2,,2
320.0,2,4.3955,2,33.9247,2,78.1,2,60.9,2,,2,,2
321.0,2,4.3894,2,33.9263,2,77.6,2,61.0,2,,2,,2
322.0,2,4.387,2,33.9266,2,77.1,2,61.0,2,,2,,2
323.0,2,4.3832,2,33.9271,2,76.4,2,61.1,2,,2,,2
324.0,2,4.3797,2,33.9274,2,75.8,2,61.1,2,,2,,2
325.0,2,4.3756,2,33.9281,2,75.1,2,61.0,2,,2,,2
326.0,2,4.3728,2,33.9286,2,74.5,2,61.1,2,,2,,2
327.0,2,4.368,2,33.9286,2,74.0,2,61.1,2,,2,,2
328.0,2,4.3607,2,33.9298,2,73.6,2,61.1,2,,2,,2
329.0,2,4.3580000000000005,2,33.9299,2,73.1,2,61.1,2,,2,,2
330.0,2,4.3568,2,33.9299,2,72.5,2,61.0,2,,2,,2
331.0,2,4.3525,2,33.9302,2,72.1,2,61.0,2,,2,,2
332.0,2,4.3458,2,33.9309,2,71.6,2,61.1,2,,2,,2
333.0,2,4.3389999999999995,2,33.9331,2,70.9,2,61.1,2,,2,,2
334.0,2,4.334,2,33.9346,2,70.2,2,61.1,2,,2,,2
335.0,2,4.3203,2,33.935,2,69.6,2,61.1,2,,2,,2
336.1,2,4.3077,2,33.9376,2,68.3,2,61.1,2,,2,,2
337.0,2,4.2902,2,33.9387,2,66.7,2,61.0,2,,2,,2
338.0,2,4.2775,2,33.9393,2,64.8,2,60.8,2,,2,,2
338.9,2,4.2715,2,33.9394,2,63.1,2,60.9,2,,2,,2
340.0,2,4.2636,2,33.9398,2,62.3,2,60.9,2,,2,,2
341.0,2,4.2612,2,33.94,2,61.8,2,60.9,2,,2,,2
342.0,2,4.2588,2,33.9408,2,61.4,2,60.9,2,,2,,2
343.0,2,4.2576,2,33.9426,2,61.1,2,60.9,2,,2,,2
344.0,2,4.2587,2,33.9438,2,60.8,2,60.9,2,,2,,2
345.0,2,4.2562,2,33.9459,2,60.5,2,61.0,2,,2,,2
346.0,2,4.2524,2,33.9473,2,60.1,2,61.0,2,,2,,2
347.0,2,4.2476,2,33.9472,2,59.8,2,61.0,2,,2,,2
348.0,2,4.2441,2,33.9475,2,59.4,2,61.1,2,,2,,2
349.1,2,4.2373,2,33.9499,2,58.9,2,61.0,2,,2,,2
350.0,2,4.2343,2,33.9513,2,58.0,2,60.2,2,,2,,2
351.0,2,4.234,2,33.9512,2,56.9,2,61.0,2,,2,,2
352.0,2,4.2321,2,33.952,2,56.6,2,61.0,2,,2,,2
353.0,2,4.2316,2,33.9521,2,56.4,2,61.0,2,,2,,2
354.0,2,4.2304,2,33.9525,2,56.2,2,61.1,2,,2,,2
355.0,2,4.2298,2,33.9528,2,55.9,2,61.1,2,,2,,2
355.9,2,4.2296,2,33.9535,2,55.8,2,61.1,2,,2,,2
357.0,2,4.2291,2,33.953,2,55.6,2,61.1,2,,2,,2
358.0,2,4.2273,2,33.954,2,55.3,2,61.1,2,,2,,2
359.0,2,4.2257,2,33.9543,2,55.1,2,61.1,2,,2,,2
360.0,2,4.2234,2,33.9557,2,54.7,2,61.0,2,,2,,2
361.0,2,4.2221,2,33.9562,2,54.5,2,61.0,2,,2,,2
362.0,2,4.2219,2,33.9565,2,54.2,2,61.0,2,,2,,2
363.0,2,4.2213,2,33.9563,2,54.0,2,61.1,2,,2,,2
364.0,2,4.2172,2,33.9581,2,53.8,2,61.1,2,,2,,2
365.0,2,4.2136,2,33.9595,2,53.5,2,61.1,2,,2,,2
366.0,2,4.2105,2,33.9613,2,53.0,2,60.8,2,,2,,2
367.4,2,4.2051,2,33.9631,2,51.8,2,60.7,2,,2,,2
367.9,2,4.1999,2,33.9658,2,51.4,2,60.8,2,,2,,2
369.0,2,4.1912,2,33.9695,2,50.9,2,61.0,2,,2,,2
370.0,2,4.1877,2,33.9703,2,50.6,2,60.9,2,,2,,2
371.0,2,4.1873,2,33.9706,2,50.3,2,60.9,2,,2,,2
372.0,2,4.1868,2,33.971,2,50.0,2,60.9,2,,2,,2
373.0,2,4.183,2,33.9721,2,49.8,2,60.8,2,,2,,2
374.0,2,4.178,2,33.9745,2,49.4,2,60.8,2,,2,,2
375.0,2,4.1743,2,33.9762,2,49.2,2,60.9,2,,2,,2
376.1,2,4.1732,2,33.9771,2,48.9,2,60.4,2,,2,,2
377.0,2,4.1702,2,33.9788,2,48.6,2,60.0,2,,2,,2
378.0,2,4.168,2,33.98,2,48.3,2,60.6,2,,2,,2
379.0,2,4.1652,2,33.9814,2,47.9,2,60.9,2,,2,,2
380.1,2,4.1634,2,33.9821,2,47.3,2,61.0,2,,2,,2
381.0,2,4.1608,2,33.9833,2,46.6,2,61.0,2,,2,,2
382.0,2,4.1583,2,33.9846,2,46.4,2,61.0,2,,2,,2
383.0,2,4.1565,2,33.9853,2,46.2,2,60.9,2,,2,,2
384.0,2,4.1555,2,33.9859,2,45.9,2,61.0,2,,2,,2
385.0,2,4.1516,2,33.9873,2,45.8,2,60.8,2,,2,,2
386.0,2,4.1487,2,33.9882,2,45.6,2,60.9,2,,2,,2
387.0,2,4.1471,2,33.9892,2,45.4,2,60.9,2,,2,,2
388.0,2,4.1457,2,33.9894,2,45.3,2,60.8,2,,2,,2
389.0,2,4.1426,2,33.9903,2,45.1,2,60.6,2,,2,,2
390.1,2,4.1369,2,33.9931,2,44.9,2,60.3,2,,2,,2
391.1,2,4.1366,2,33.9932,2,44.5,2,60.5,2,,2,,2
392.0,2,4.1365,2,33.9933,2,44.1,2,60.8,2,,2,,2
393.0,2,4.1363,2,33.9934,2,43.9,2,61.0,2,,2,,2
394.0,2,4.1355,2,33.9938,2,43.8,2,61.0,2,,2,,2
395.0,2,4.1338,2,33.9946,2,43.6,2,61.0,2,,2,,2
396.0,2,4.1319,2,33.9951,2,43.4,2,61.0,2,,2,,2
397.0,2,4.1276,2,33.9966,2,43.3,2,61.0,2,,2,,2
398.0,2,4.118,2,34.0011,2,43.1,2,61.0,2,,2,,2
399.0,2,4.1168,2,34.0015,2,42.8,2,61.0,2,,2,,2
399.6,2,4.1163,2,34.001999999999995,2,42.7,2,61.0,2,,2,,2
401.1,2,4.1116,2,34.0046,2,42.4,2,61.0,2,,2,,2
402.0,2,4.1085,2,34.006,2,42.3,2,61.1,2,,2,,2
403.0,2,4.1048,2,34.0077,2,42.1,2,61.1,2,,2,,2
404.0,2,4.1024,2,34.0088,2,41.9,2,61.1,2,,2,,2
405.0,2,4.1,2,34.0097,2,41.8,2,61.1,2,,2,,2
406.0,2,4.0959,2,34.0121,2,41.6,2,61.1,2,,2,,2
407.0,2,4.0949,2,34.0124,2,41.5,2,61.1,2,,2,,2
408.0,2,4.0942,2,34.0128,2,41.3,2,61.1,2,,2,,2
409.0,2,4.0938,2,34.0132,2,41.0,2,61.1,2,,2,,2
410.0,2,4.0932,2,34.0131,2,40.8,2,61.1,2,,2,,2
411.0,2,4.0918,2,34.0143,2,40.6,2,61.1,2,,2,,2
412.0,2,4.0897,2,34.0152,2,40.4,2,61.1,2,,2,,2
413.0,2,4.0879,2,34.0162,2,40.2,2,61.1,2,,2,,2
414.0,2,4.0864,2,34.016999999999996,2,40.0,2,61.0,2,,2,,2
415.0,2,4.085,2,34.0177,2,39.7,2,61.1,2,,2,,2
416.0,2,4.0799,2,34.0203,2,39.4,2,61.2,2,,2,,2
417.0,2,4.0762,2,34.022,2,39.2,2,61.2,2,,2,,2
418.0,2,4.0751,2,34.0221,2,39.1,2,61.2,2,,2,,2
418.9,2,4.0729,2,34.0232,2,38.9,2,61.2,2,,2,,2
420.0,2,4.0689,2,34.0249,2,38.8,2,61.1,2,,2,,2
421.0,2,4.0664,2,34.025999999999996,2,38.6,2,61.1,2,,2,,2
422.0,2,4.0621,2,34.0272,2,38.5,2,61.1,2,,2,,2
422.9,2,4.0599,2,34.0281,2,38.4,2,61.1,2,,2,,2
424.3,2,4.0573,2,34.0292,2,38.0,2,61.1,2,,2,,2
425.0,2,4.0529,2,34.03,2,37.9,2,61.2,2,,2,,2
426.0,2,4.0517,2,34.0308,2,37.9,2,60.9,2,,2,,2
427.0,2,4.0514,2,34.0302,2,37.8,2,61.0,2,,2,,2
428.0,2,4.051,2,34.0308,2,37.8,2,61.1,2,,2,,2
429.0,2,4.0482,2,34.0306,2,37.7,2,61.2,2,,2,,2
430.0,2,4.0438,2,34.0314,2,37.6,2,61.1,2,,2,,2
431.0,2,4.0399,2,34.0326,2,37.6,2,61.2,2,,2,,2
432.0,2,4.0362,2,34.0335,2,37.5,2,61.2,2,,2,,2
432.7,2,4.0301,2,34.0346,2,37.5,2,61.2,2,,2,,2
434.4,2,4.0279,2,34.036,2,37.1,2,61.1,2,,2,,2
435.0,2,4.0231,2,34.0369,2,37.1,2,61.1,2,,2,,2
436.0,2,4.0169999999999995,2,34.0388,2,36.9,2,61.2,2,,2,,2
437.0,2,4.0142,2,34.0393,2,36.9,2,61.2,2,,2,,2
438.0,2,4.0076,2,34.0411,2,36.9,2,61.2,2,,2,,2
439.0,2,4.004,2,34.0422,2,36.7,2,61.1,2,,2,,2
440.0,2,4.0033,2,34.0424,2,36.6,2,61.1,2,,2,,2
441.0,2,4.0003,2,34.0428,2,36.6,2,61.1,2,,2,,2
442.0,2,3.997,2,34.0438,2,36.5,2,61.0,2,,2,,2
443.0,2,3.99,2,34.045,2,36.3,2,60.9,2,,2,,2
444.0,2,3.9869,2,34.0461,2,36.3,2,61.0,2,,2,,2
445.0,2,3.9833,2,34.0482,2,36.1,2,60.9,2,,2,,2
445.9,2,3.9823,2,34.0489,2,35.9,2,61.0,2,,2,,2
447.0,2,3.9811,2,34.0494,2,35.9,2,61.1,2,,2,,2
448.0,2,3.9788,2,34.0492,2,35.9,2,61.2,2,,2,,2
449.0,2,3.9756,2,34.0498,2,35.9,2,61.2,2,,2,,2
450.0,2,3.9731,2,34.0504,2,35.9,2,61.2,2,,2,,2
451.0,2,3.9696,2,34.0495,2,35.9,2,61.2,2,,2,,2
452.0,2,3.9649,2,34.0513,2,35.9,2,61.2,2,,2,,2
453.0,2,3.9610000000000003,2,34.0513,2,36.0,2,61.1,2,,2,,2
454.0,2,3.9519,2,34.054,2,36.1,2,61.1,2,,2,,2
455.0,2,3.95,2,34.0544,2,36.3,2,61.1,2,,2,,2
456.0,2,3.9475,2,34.0549,2,36.3,2,61.2,2,,2,,2
457.0,2,3.9466,2,34.0554,2,36.4,2,61.2,2,,2,,2
458.0,2,3.9458,2,34.0554,2,36.4,2,61.2,2,,2,,2
459.0,2,3.9436,2,34.0561,2,36.4,2,61.2,2,,2,,2
460.0,2,3.94,2,34.0573,2,36.4,2,61.2,2,,2,,2
461.0,2,3.9389999999999996,2,34.0575,2,36.4,2,61.2,2,,2,,2
462.0,2,3.9372,2,34.0582,2,36.4,2,60.9,2,,2,,2
463.0,2,3.9364,2,34.0584,2,36.4,2,61.1,2,,2,,2
464.0,2,3.9345,2,34.0592,2,36.3,2,61.1,2,,2,,2
465.0,2,3.932,2,34.0597,2,36.3,2,61.1,2,,2,,2
466.0,2,3.9303,2,34.0605,2,36.2,2,61.2,2,,2,,2
467.0,2,3.9296,2,34.0607,2,36.2,2,61.2,2,,2,,2
468.0,2,3.9261,2,34.0617,2,36.1,2,61.2,2,,2,,2
469.0,2,3.9231,2,34.0628,2,36.0,2,61.1,2,,2,,2
470.0,2,3.9219,2,34.063,2,36.0,2,61.2,2,,2,,2
471.0,2,3.9188,2,34.0639,2,35.9,2,61.2,2,,2,,2
472.0,2,3.9162,2,34.0647,2,35.8,2,61.2,2,,2,,2
473.0,2,3.9141,2,34.0653,2,35.7,2,61.2,2,,2,,2
474.0,2,3.9104,2,34.0664,2,35.6,2,61.2,2,,2,,2
475.0,2,3.9081,2,34.0672,2,35.4,2,61.2,2,,2,,2
476.0,2,3.9039,2,34.0684,2,35.3,2,61.2,2,,2,,2
477.0,2,3.9012,2,34.0691,2,35.2,2,61.2,2,,2,,2
478.0,2,3.8998,2,34.0696,2,35.2,2,61.2,2,,2,,2
479.0,2,3.8978,2,34.0702,2,35.0,2,61.2,2,,2,,2
480.0,2,3.8957,2,34.0709,2,34.9,2,61.2,2,,2,,2
481.0,2,3.892,2,34.0723,2,34.6,2,61.3,2,,2,,2
481.9,2,3.8891,2,34.073,2,34.4,2,61.3,2,,2,,2
483.0,2,3.885,2,34.0745,2,34.2,2,61.3,2,,2,,2
483.9,2,3.8829,2,34.0761,2,34.1,2,61.2,2,,2,,2
485.0,2,3.8831,2,34.0757,2,33.9,2,61.3,2,,2,,2
486.0,2,3.8823,2,34.0758,2,33.8,2,61.2,2,,2,,2
487.0,2,3.88,2,34.0765,2,33.7,2,61.2,2,,2,,2
488.0,2,3.8775,2,34.0776,2,33.5,2,61.2,2,,2,,2
489.0,2,3.8725,2,34.0787,2,33.3,2,61.2,2,,2,,2
490.0,2,3.8624,2,34.0811,2,33.2,2,61.2,2,,2,,2
491.0,2,3.8612,2,34.0827,2,32.9,2,61.2,2,,2,,2
492.0,2,3.8572,2,34.0831,2,32.7,2,61.2,2,,2,,2
493.0,2,3.8546,2,34.0839,2,32.5,2,61.2,2,,2,,2
494.0,2,3.8497,2,34.0844,2,32.2,2,61.3,2,,2,,2
495.0,2,3.8487,2,34.0845,2,31.9,2,61.2,2,,2,,2
496.0,2,3.8466,2,34.0852,2,31.8,2,61.2,2,,2,,2
497.0,2,3.843,2,34.0857,2,31.6,2,61.2,2,,2,,2
498.0,2,3.8383,2,34.0875,2,31.4,2,61.2,2,,2,,2
499.0,2,3.8361,2,34.0881,2,31.3,2,61.2,2,,2,,2
500.0,2,3.8318,2,34.0904,2,31.1,2,61.1,2,,2,,2
501.0,2,3.8310000000000004,2,34.0909,2,30.9,2,61.1,2,,2,,2
502.0,2,3.8297,2,34.0911,2,30.8,2,61.0,2,,2,,2
503.0,2,3.8288,2,34.0921,2,30.7,2,61.1,2,,2,,2
504.0,2,3.8283,2,34.0926,2,30.6,2,61.2,2,,2,,2
505.0,2,3.8282,2,34.0927,2,30.4,2,61.2,2,,2,,2
506.0,2,3.8282,2,34.0931,2,30.3,2,61.2,2,,2,,2
507.0,2,3.8282,2,34.0932,2,30.1,2,61.2,2,,2,,2
508.0,2,3.8278,2,34.0942,2,29.9,2,61.2,2,,2,,2
509.0,2,3.8271,2,34.0952,2,29.7,2,61.2,2,,2,,2
510.0,2,3.8265,2,34.096,2,29.6,2,61.2,2,,2,,2
511.0,2,3.8225,2,34.0985,2,29.4,2,61.3,2,,2,,2
512.0,2,3.82,2,34.0994,2,29.2,2,61.2,2,,2,,2
513.0,2,3.8196,2,34.0999,2,29.1,2,61.2,2,,2,,2
514.0,2,3.8194,2,34.0998,2,29.0,2,61.2,2,,2,,2
515.0,2,3.8191,2,34.1004,2,28.9,2,61.3,2,,2,,2
516.0,2,3.8194,2,34.1023,2,28.6,2,61.3,2,,2,,2
517.0,2,3.8225,2,34.104,2,28.4,2,61.2,2,,2,,2
518.0,2,3.8229,2,34.1053,2,28.3,2,61.2,2,,2,,2
519.0,2,3.8222,2,34.1064,2,28.2,2,61.2,2,,2,,2
520.0,2,3.8197,2,34.1077,2,28.1,2,61.3,2,,2,,2
521.0,2,3.8173,2,34.1099,2,28.0,2,61.2,2,,2,,2
522.0,2,3.8148,2,34.1116,2,27.8,2,61.3,2,,2,,2
523.0,2,3.8132,2,34.1125,2,27.7,2,61.2,2,,2,,2
524.0,2,3.8114,2,34.1131,2,27.5,2,61.2,2,,2,,2
525.0,2,3.8112,2,34.1141,2,27.3,2,61.3,2,,2,,2
526.0,2,3.8107,2,34.115,2,27.2,2,61.3,2,,2,,2
527.0,2,3.8083,2,34.1159,2,27.1,2,61.3,2,,2,,2
528.0,2,3.8061,2,34.117,2,26.9,2,61.2,2,,2,,2
529.0,2,3.801,2,34.119,2,26.9,2,61.2,2,,2,,2
530.0,2,3.7999,2,34.1197,2,26.8,2,61.2,2,,2,,2
531.0,2,3.7993,2,34.1197,2,26.7,2,61.2,2,,2,,2
532.0,2,3.7993,2,34.1202,2,26.7,2,61.2,2,,2,,2
533.0,2,3.7986,2,34.1203,2,26.5,2,61.2,2,,2,,2
534.0,2,3.7976,2,34.1213,2,26.6,2,61.2,2,,2,,2
535.1,2,3.7965,2,34.1223,2,26.5,2,61.2,2,,2,,2
535.9,2,3.7964,2,34.1224,2,26.3,2,61.2,2,,2,,2
537.0,2,3.7939999999999996,2,34.1233,2,26.2,2,61.3,2,,2,,2
538.0,2,3.7911,2,34.1243,2,26.1,2,61.2,2,,2,,2
539.0,2,3.79,2,34.1254,2,26.1,2,61.2,2,,2,,2
540.0,2,3.7903,2,34.1254,2,26.0,2,61.2,2,,2,,2
541.0,2,3.7898,2,34.1264,2,25.9,2,61.2,2,,2,,2
542.0,2,3.7878,2,34.1266,2,25.9,2,61.2,2,,2,,2
543.0,2,3.7832,2,34.1278,2,25.8,2,61.2,2,,2,,2
544.0,2,3.7821,2,34.129,2,25.8,2,61.2,2,,2,,2
545.0,2,3.7824,2,34.1286,2,25.8,2,61.0,2,,2,,2
546.0,2,3.7839,2,34.1295,2,25.7,2,61.0,2,,2,,2
546.9,2,3.7842,2,34.1311,2,25.6,2,61.1,2,,2,,2
548.0,2,3.784,2,34.1319,2,25.5,2,61.2,2,,2,,2
549.0,2,3.7811,2,34.1337,2,25.5,2,61.2,2,,2,,2
550.0,2,3.779,2,34.1347,2,25.4,2,61.2,2,,2,,2
551.0,2,3.7775,2,34.1361,2,25.3,2,61.2,2,,2,,2
552.0,2,3.7753,2,34.1367,2,25.3,2,61.2,2,,2,,2
553.0,2,3.7703,2,34.1385,2,25.2,2,61.1,2,,2,,2
554.0,2,3.7666,2,34.1403,2,25.1,2,61.1,2,,2,,2
555.0,2,3.762,2,34.141,2,25.1,2,61.1,2,,2,,2
556.0,2,3.7583,2,34.1417,2,25.0,2,61.0,2,,2,,2
557.0,2,3.7583,2,34.141999999999996,2,24.9,2,61.0,2,,2,,2
558.0,2,3.76,2,34.143,2,24.9,2,61.1,2,,2,,2
559.0,2,3.7601,2,34.144,2,24.8,2,61.2,2,,2,,2
560.0,2,3.7599,2,34.1442,2,24.8,2,61.2,2,,2,,2
561.0,2,3.7592,2,34.1446,2,24.7,2,61.2,2,,2,,2
562.0,2,3.7591,2,34.1446,2,24.7,2,61.2,2,,2,,2
563.0,2,3.7592,2,34.1448,2,24.6,2,61.2,2,,2,,2
564.0,2,3.7588,2,34.1452,2,24.6,2,61.2,2,,2,,2
565.0,2,3.7583,2,34.1451,2,24.6,2,61.2,2,,2,,2
566.0,2,3.7579,2,34.1455,2,24.5,2,61.2,2,,2,,2
567.0,2,3.7554,2,34.147,2,24.4,2,61.2,2,,2,,2
568.0,2,3.7535,2,34.1482,2,24.3,2,61.2,2,,2,,2
569.0,2,3.7518,2,34.1493,2,24.3,2,61.2,2,,2,,2
570.0,2,3.7509,2,34.1498,2,24.3,2,61.2,2,,2,,2
571.0,2,3.7495,2,34.1502,2,24.3,2,61.2,2,,2,,2
572.0,2,3.7488,2,34.1507,2,24.2,2,61.3,2,,2,,2
573.0,2,3.7483,2,34.1509,2,24.2,2,61.2,2,,2,,2
574.1,2,3.7461,2,34.1521,2,24.1,2,61.2,2,,2,,2
574.9,2,3.7422,2,34.1539,2,24.0,2,61.3,2,,2,,2
576.0,2,3.7407,2,34.1549,2,24.1,2,61.3,2,,2,,2
577.0,2,3.7402,2,34.1553,2,24.0,2,61.3,2,,2,,2
578.0,2,3.7401,2,34.1559,2,24.0,2,61.3,2,,2,,2
579.0,2,3.7398,2,34.1562,2,23.9,2,61.2,2,,2,,2
580.0,2,3.7395,2,34.1567,2,23.9,2,61.2,2,,2,,2
581.0,2,3.739,2,34.1568,2,23.9,2,61.2,2,,2,,2
582.0,2,3.7352,2,34.1569,2,23.8,2,61.2,2,,2,,2
583.0,2,3.7291,2,34.1569,2,23.8,2,61.2,2,,2,,2
584.0,2,3.7269,2,34.158,2,23.8,2,61.2,2,,2,,2
585.0,2,3.7239999999999998,2,34.1578,2,23.8,2,61.3,2,,2,,2
586.1,2,3.7218,2,34.1593,2,23.8,2,61.3,2,,2,,2
586.8,2,3.7222,2,34.1594,2,23.7,2,61.3,2,,2,,2
588.0,2,3.7226,2,34.1599,2,23.7,2,61.2,2,,2,,2
589.0,2,3.7213,2,34.16,2,23.7,2,61.3,2,,2,,2
590.0,2,3.7184,2,34.161,2,23.7,2,61.2,2,,2,,2
591.0,2,3.7165,2,34.1622,2,23.7,2,61.2,2,,2,,2
592.0,2,3.7157,2,34.1629,2,23.6,2,61.2,2,,2,,2
593.0,2,3.7144,2,34.1638,2,23.5,2,61.2,2,,2,,2
594.0,2,3.7116,2,34.166,2,23.6,2,61.2,2,,2,,2
595.0,2,3.7092,2,34.1669,2,23.5,2,61.2,2,,2,,2
596.0,2,3.7047,2,34.1683,2,23.4,2,61.2,2,,2,,2
596.9,2,3.7035,2,34.1687,2,23.3,2,60.7,2,,2,,2
598.0,2,3.7022,2,34.1694,2,23.3,2,61.2,2,,2,,2
599.0,2,3.699,2,34.1707,2,23.3,2,61.2,2,,2,,2
600.0,2,3.6973,2,34.1719,2,23.2,2,61.2,2,,2,,2
601.0,2,3.6955,2,34.1734,2,23.1,2,61.2,2,,2,,2
602.0,2,3.6915,2,34.175,2,23.1,2,61.2,2,,2,,2
603.1,2,3.6882,2,34.1767,2,23.1,2,61.2,2,,2,,2
604.0,2,3.6875,2,34.1766,2,23.0,2,61.1,2,,2,,2
605.0,2,3.6873,2,34.1763,2,23.0,2,61.2,2,,2,,2
606.0,2,3.6861,2,34.177,2,23.0,2,61.2,2,,2,,2
607.0,2,3.6848,2,34.1778,2,23.0,2,61.3,2,,2,,2
608.0,2,3.6847,2,34.1776,2,22.9,2,61.2,2,,2,,2
609.2,2,3.6839,2,34.1785,2,22.8,2,61.2,2,,2,,2
609.9,2,3.6843,2,34.1786,2,22.8,2,61.3,2,,2,,2
611.0,2,3.6828,2,34.1795,2,22.6,2,61.3,2,,2,,2
612.0,2,3.6774,2,34.1818,2,22.7,2,61.2,2,,2,,2
613.0,2,3.6755,2,34.1819,2,22.7,2,61.2,2,,2,,2
614.0,2,3.6711,2,34.1825,2,22.7,2,61.2,2,,2,,2
615.0,2,3.6688,2,34.1831,2,22.6,2,61.2,2,,2,,2
616.0,2,3.668,2,34.1844,2,22.5,2,61.1,2,,2,,2
617.0,2,3.6691,2,34.1852,2,22.5,2,61.2,2,,2,,2
618.0,2,3.6681,2,34.1853,2,22.4,2,61.2,2,,2,,2
619.0,2,3.6666,2,34.1869,2,22.3,2,61.2,2,,2,,2
620.0,2,3.6686,2,34.1879,2,22.3,2,61.2,2,,2,,2
621.0,2,3.6683,2,34.1892,2,22.3,2,61.2,2,,2,,2
622.2,2,3.6667,2,34.1898,2,22.3,2,61.0,2,,2,,2
623.0,2,3.6666,2,34.1899,2,22.0,2,61.2,2,,2,,2
624.0,2,3.6656,2,34.191,2,22.1,2,61.2,2,,2,,2
625.0,2,3.6631,2,34.1935,2,22.0,2,61.2,2,,2,,2
626.0,2,3.6599,2,34.1946,2,21.9,2,61.2,2,,2,,2
627.0,2,3.6571,2,34.1977,2,21.9,2,61.2,2,,2,,2
627.9,2,3.6562,2,34.1972,2,21.9,2,61.2,2,,2,,2
628.9,2,3.6538,2,34.1979,2,21.8,2,61.1,2,,2,,2
630.0,2,3.6507,2,34.1993,2,21.7,2,61.0,2,,2,,2
631.0,2,3.6482,2,34.1991,2,21.7,2,61.1,2,,2,,2
632.0,2,3.6461,2,34.2003,2,21.7,2,61.2,2,,2,,2
633.1,2,3.6447,2,34.2015,2,21.6,2,61.2,2,,2,,2
634.0,2,3.6425,2,34.2023,2,21.5,2,61.1,2,,2,,2
635.0,2,3.642,2,34.2024,2,21.4,2,61.1,2,,2,,2
636.0,2,3.6417,2,34.2024,2,21.3,2,61.2,2,,2,,2
637.0,2,3.6385,2,34.2038,2,21.3,2,61.2,2,,2,,2
638.0,2,3.6363,2,34.2051,2,21.3,2,61.3,2,,2,,2
639.0,2,3.6333,2,34.2061,2,21.3,2,61.2,2,,2,,2
640.0,2,3.6296,2,34.207,2,21.3,2,61.2,2,,2,,2
641.0,2,3.6303,2,34.2069,2,21.2,2,61.2,2,,2,,2
642.0,2,3.6263,2,34.2081,2,21.2,2,61.2,2,,2,,2
643.0,2,3.6254,2,34.2082,2,21.1,2,61.0,2,,2,,2
644.0,2,3.6231,2,34.209,2,21.0,2,60.6,2,,2,,2
645.0,2,3.6207,2,34.2094,2,21.0,2,60.7,2,,2,,2
646.0,2,3.6175,2,34.2108,2,21.0,2,61.0,2,,2,,2
647.0,2,3.6129,2,34.211999999999996,2,20.9,2,61.1,2,,2,,2
648.0,2,3.6109,2,34.2122,2,20.9,2,61.2,2,,2,,2
649.0,2,3.6078,2,34.213,2,20.9,2,61.2,2,,2,,2
650.0,2,3.6058,2,34.2138,2,20.8,2,61.2,2,,2,,2
651.1,2,3.6024,2,34.2155,2,20.7,2,61.2,2,,2,,2
651.9,2,3.6012,2,34.2158,2,20.7,2,61.2,2,,2,,2
652.9,2,3.6005,2,34.216,2,20.6,2,61.3,2,,2,,2
654.0,2,3.5991,2,34.2165,2,20.6,2,61.3,2,,2,,2
655.0,2,3.593,2,34.2184,2,20.6,2,61.2,2,,2,,2
656.0,2,3.5903,2,34.2192,2,20.5,2,61.2,2,,2,,2
657.0,2,3.589,2,34.2201,2,20.5,2,61.3,2,,2,,2
658.0,2,3.5881,2,34.2204,2,20.5,2,61.3,2,,2,,2
659.0,2,3.5871,2,34.2211,2,20.5,2,61.2,2,,2,,2
660.0,2,3.5852,2,34.221,2,20.4,2,61.2,2,,2,,2
661.0,2,3.5843,2,34.2218,2,20.4,2,61.3,2,,2,,2
662.0,2,3.5839999999999996,2,34.2219,2,20.4,2,61.2,2,,2,,2
663.0,2,3.5828,2,34.2222,2,20.3,2,61.3,2,,2,,2
664.0,2,3.5802,2,34.2225,2,20.3,2,61.3,2,,2,,2
665.0,2,3.5787,2,34.2232,2,20.3,2,61.3,2,,2,,2
666.1,2,3.5735,2,34.2245,2,20.2,2,61.3,2,,2,,2
666.9,2,3.5724,2,34.2249,2,20.1,2,61.2,2,,2,,2
668.0,2,3.5712,2,34.2252,2,20.0,2,61.2,2,,2,,2
669.0,2,3.571,2,34.2254,2,19.9,2,61.2,2,,2,,2
670.0,2,3.5709,2,34.2256,2,19.9,2,61.2,2,,2,,2
671.0,2,3.5699,2,34.2256,2,19.9,2,61.2,2,,2,,2
672.1,2,3.5689,2,34.2258,2,19.9,2,61.2,2,,2,,2
672.9,2,3.5683,2,34.2261,2,19.9,2,61.2,2,,2,,2
673.9,2,3.5671,2,34.2269,2,19.9,2,61.2,2,,2,,2
675.0,2,3.5648,2,34.2269,2,19.9,2,61.2,2,,2,,2
676.0,2,3.5588,2,34.2295,2,19.8,2,61.0,2,,2,,2
677.0,2,3.5574,2,34.2303,2,19.8,2,61.0,2,,2,,2
678.0,2,3.556,2,34.2298,2,19.8,2,61.0,2,,2,,2
679.0,2,3.5533,2,34.2309,2,19.7,2,61.1,2,,2,,2
680.0,2,3.5504,2,34.2314,2,19.7,2,61.2,2,,2,,2
681.0,2,3.5451,2,34.233000000000004,2,19.6,2,61.2,2,,2,,2
682.0,2,3.5395,2,34.235,2,19.6,2,61.2,2,,2,,2
683.0,2,3.5389,2,34.2359,2,19.5,2,61.2,2,,2,,2
684.0,2,3.5364,2,34.2357,2,19.5,2,61.2,2,,2,,2
685.1,2,3.5317,2,34.2365,2,19.5,2,61.2,2,,2,,2
686.1,2,3.5260000000000002,2,34.2382,2,19.5,2,60.8,2,,2,,2
686.9,2,3.5247,2,34.2386,2,19.4,2,61.2,2,,2,,2
688.0,2,3.5228,2,34.239000000000004,2,19.4,2,61.2,2,,2,,2
689.0,2,3.5223,2,34.2393,2,19.3,2,61.2,2,,2,,2
690.0,2,3.5219,2,34.2395,2,19.3,2,61.2,2,,2,,2
690.9,2,3.5210000000000004,2,34.2398,2,19.3,2,61.2,2,,2,,2
692.0,2,3.5185,2,34.2405,2,19.2,2,61.1,2,,2,,2
693.0,2,3.5165,2,34.2414,2,19.2,2,61.0,2,,2,,2
694.0,2,3.5155,2,34.2417,2,19.2,2,61.1,2,,2,,2
695.0,2,3.5128,2,34.2427,2,19.1,2,61.1,2,,2,,2
696.0,2,3.5112,2,34.2426,2,19.2,2,60.8,2,,2,,2
697.0,2,3.5072,2,34.2439,2,19.1,2,60.3,2,,2,,2
698.0,2,3.5057,2,34.2444,2,19.1,2,60.5,2,,2,,2
699.0,2,3.5057,2,34.2441,2,19.1,2,60.9,2,,2,,2
700.0,2,3.505,2,34.2445,2,19.0,2,61.0,2,,2,,2
701.0,2,3.5043,2,34.2446,2,19.1,2,61.1,2,,2,,2
702.0,2,3.5019,2,34.245,2,19.0,2,61.2,2,,2,,2
703.0,2,3.4994,2,34.2458,2,18.9,2,61.2,2,,2,,2
704.0,2,3.4988,2,34.2459,2,18.9,2,61.2,2,,2,,2
705.0,2,3.4973,2,34.2464,2,18.8,2,61.3,2,,2,,2
706.0,2,3.4952,2,34.247,2,18.7,2,61.2,2,,2,,2
707.0,2,3.4938,2,34.247,2,18.8,2,61.2,2,,2,,2
708.0,2,3.4929,2,34.2479,2,18.7,2,61.2,2,,2,,2
709.0,2,3.4908,2,34.2481,2,18.7,2,61.1,2,,2,,2
710.0,2,3.4891,2,34.2488,2,18.6,2,61.0,2,,2,,2
711.0,2,3.485,2,34.2501,2,18.6,2,61.0,2,,2,,2
712.0,2,3.4789999999999996,2,34.2513,2,18.5,2,61.1,2,,2,,2
713.0,2,3.4760000000000004,2,34.2522,2,18.5,2,61.2,2,,2,,2
714.0,2,3.4726,2,34.2528,2,18.3,2,61.2,2,,2,,2
715.0,2,3.4704,2,34.2535,2,18.3,2,61.2,2,,2,,2
716.0,2,3.4665,2,34.2542,2,18.3,2,61.1,2,,2,,2
717.0,2,3.4638,2,34.2555,2,18.2,2,61.1,2,,2,,2
718.0,2,3.4633,2,34.2556,2,18.1,2,61.2,2,,2,,2
719.0,2,3.4622,2,34.2556,2,18.2,2,61.2,2,,2,,2
720.0,2,3.4591,2,34.2565,2,18.1,2,61.2,2,,2,,2
721.0,2,3.4534,2,34.2579,2,18.0,2,61.3,2,,2,,2
721.9,2,3.4522,2,34.2581,2,18.0,2,61.3,2,,2,,2
723.2,2,3.4512,2,34.2582,2,17.9,2,61.3,2,,2,,2
724.0,2,3.4489,2,34.2588,2,17.9,2,61.3,2,,2,,2
725.0,2,3.4462,2,34.2595,2,17.9,2,61.3,2,,2,,2
726.0,2,3.4423,2,34.2604,2,17.9,2,61.3,2,,2,,2
727.0,2,3.4397,2,34.2606,2,17.8,2,61.3,2,,2,,2
728.0,2,3.4377,2,34.2614,2,17.8,2,61.3,2,,2,,2
729.0,2,3.4345,2,34.2624,2,17.7,2,61.3,2,,2,,2
730.0,2,3.4314,2,34.2633,2,17.7,2,61.3,2,,2,,2
731.0,2,3.4298,2,34.2635,2,17.6,2,61.3,2,,2,,2
732.0,2,3.4291,2,34.2635,2,17.5,2,61.3,2,,2,,2
733.0,2,3.4282,2,34.264,2,17.5,2,61.3,2,,2,,2
734.1,2,3.4276,2,34.2643,2,17.5,2,61.3,2,,2,,2
735.0,2,3.4262,2,34.2647,2,17.4,2,61.3,2,,2,,2
736.0,2,3.4223,2,34.2658,2,17.3,2,61.3,2,,2,,2
737.0,2,3.4168,2,34.2669,2,17.3,2,61.3,2,,2,,2
738.0,2,3.4134,2,34.268,2,17.3,2,61.2,2,,2,,2
739.0,2,3.4126,2,34.268,2,17.2,2,61.3,2,,2,,2
740.0,2,3.4077,2,34.2688,2,17.2,2,61.3,2,,2,,2
741.0,2,3.4066,2,34.2696,2,17.2,2,61.3,2,,2,,2
742.0,2,3.4065,2,34.2694,2,17.2,2,61.3,2,,2,,2
743.0,2,3.4064,2,34.2692,2,17.0,2,61.3,2,,2,,2
744.0,2,3.4063,2,34.2696,2,17.1,2,61.3,2,,2,,2
745.0,2,3.4058,2,34.2696,2,17.0,2,61.3,2,,2,,2
746.0,2,3.4053,2,34.2696,2,17.0,2,61.2,2,,2,,2
747.0,2,3.4026,2,34.2701,2,16.9,2,61.3,2,,2,,2
748.0,2,3.3989,2,34.2708,2,16.9,2,61.3,2,,2,,2
749.1,2,3.3978,2,34.2711,2,16.9,2,61.3,2,,2,,2
749.9,2,3.3972,2,34.2712,2,16.9,2,61.3,2,,2,,2
751.0,2,3.395,2,34.2722,2,16.9,2,61.3,2,,2,,2
752.0,2,3.3925,2,34.2725,2,16.8,2,61.2,2,,2,,2
753.0,2,3.3909,2,34.2729,2,16.8,2,61.2,2,,2,,2
754.0,2,3.3905,2,34.2731,2,16.7,2,61.2,2,,2,,2
755.0,2,3.3902,2,34.2734,2,16.7,2,61.2,2,,2,,2
756.0,2,3.3896,2,34.2736,2,16.7,2,61.2,2,,2,,2
757.0,2,3.3884,2,34.274,2,16.6,2,61.2,2,,2,,2
758.0,2,3.3868,2,34.2744,2,16.6,2,61.2,2,,2,,2
759.0,2,3.3835,2,34.275,2,16.6,2,61.2,2,,2,,2
760.0,2,3.3806,2,34.2756,2,16.6,2,61.2,2,,2,,2
761.0,2,3.3769,2,34.2767,2,16.4,2,61.2,2,,2,,2
762.0,2,3.3745,2,34.2771,2,16.4,2,61.2,2,,2,,2
763.0,2,3.3735,2,34.2777,2,16.3,2,61.3,2,,2,,2
764.0,2,3.373,2,34.2778,2,16.3,2,61.3,2,,2,,2
765.0,2,3.3725,2,34.2779,2,16.3,2,61.3,2,,2,,2
766.0,2,3.3712,2,34.2781,2,16.2,2,61.3,2,,2,,2
767.0,2,3.3673,2,34.2792,2,16.2,2,61.3,2,,2,,2
768.0,2,3.3652,2,34.2796,2,16.1,2,61.3,2,,2,,2
769.0,2,3.3638,2,34.2801,2,16.1,2,61.2,2,,2,,2
770.0,2,3.3618,2,34.2802,2,16.1,2,61.2,2,,2,,2
771.0,2,3.3576,2,34.2809,2,16.1,2,61.2,2,,2,,2
772.0,2,3.3539999999999996,2,34.2819,2,16.0,2,61.2,2,,2,,2
773.0,2,3.3511,2,34.2826,2,15.9,2,61.2,2,,2,,2
774.0,2,3.3463,2,34.2835,2,16.0,2,61.3,2,,2,,2
775.0,2,3.3441,2,34.2843,2,15.9,2,61.3,2,,2,,2
776.0,2,3.3436,2,34.2843,2,15.8,2,61.3,2,,2,,2
777.2,2,3.3417,2,34.2847,2,15.8,2,61.4,2,,2,,2
778.0,2,3.3412,2,34.285,2,15.7,2,61.3,2,,2,,2
779.0,2,3.3391,2,34.2855,2,15.6,2,61.3,2,,2,,2
780.0,2,3.3369,2,34.2857,2,15.7,2,61.3,2,,2,,2
781.0,2,3.3361,2,34.2858,2,15.6,2,61.3,2,,2,,2
782.0,2,3.335,2,34.2861,2,15.6,2,61.3,2,,2,,2
783.0,2,3.3342,2,34.2865,2,15.6,2,61.3,2,,2,,2
784.0,2,3.3325,2,34.2869,2,15.6,2,61.3,2,,2,,2
785.1,2,3.3311,2,34.2869,2,15.6,2,61.3,2,,2,,2
786.1,2,3.3288,2,34.2874,2,15.6,2,61.3,2,,2,,2
786.9,2,3.3268,2,34.2879,2,15.6,2,61.2,2,,2,,2
788.0,2,3.3233,2,34.2885,2,15.6,2,61.3,2,,2,,2
789.0,2,3.3222,2,34.2891,2,15.6,2,61.3,2,,2,,2
790.0,2,3.3187,2,34.2889,2,15.6,2,61.3,2,,2,,2
791.0,2,3.3139,2,34.2907,2,15.6,2,61.3,2,,2,,2
792.0,2,3.3126,2,34.2909,2,15.6,2,61.3,2,,2,,2
793.0,2,3.3116,2,34.2911,2,15.6,2,61.2,2,,2,,2
794.0,2,3.3103,2,34.2913,2,15.6,2,61.1,2,,2,,2
794.7,2,3.3104,2,34.2911,2,15.6,2,61.2,2,,2,,2
796.1,2,3.31,2,34.2915,2,15.7,2,61.2,2,,2,,2
797.0,2,3.3077,2,34.2921,2,15.6,2,61.2,2,,2,,2
798.0,2,3.3053,2,34.2923,2,15.6,2,61.2,2,,2,,2
799.0,2,3.3039,2,34.2931,2,15.6,2,61.2,2,,2,,2
800.0,2,3.3034,2,34.2932,2,15.6,2,61.3,2,,2,,2
801.0,2,3.3033,2,34.2927,2,15.6,2,61.3,2,,2,,2
802.0,2,3.3026,2,34.2936,2,15.6,2,61.2,2,,2,,2
803.0,2,3.3018,2,34.293,2,15.6,2,61.2,2,,2,,2
804.1,2,3.2972,2,34.294000000000004,2,15.6,2,61.2,2,,2,,2
805.0,2,3.2921,2,34.2952,2,15.6,2,61.1,2,,2,,2
805.9,2,3.2907,2,34.2954,2,15.6,2,61.2,2,,2,,2
807.0,2,3.2897,2,34.2956,2,15.6,2,61.2,2,,2,,2
808.0,2,3.287,2,34.2964,2,15.6,2,61.2,2,,2,,2
809.0,2,3.286,2,34.2964,2,15.6,2,61.3,2,,2,,2
810.0,2,3.2847,2,34.297,2,15.6,2,61.2,2,,2,,2
811.0,2,3.2826,2,34.2978,2,15.6,2,61.2,2,,2,,2
812.0,2,3.28,2,34.2975,2,15.6,2,61.2,2,,2,,2
813.0,2,3.2774,2,34.2988,2,15.5,2,61.2,2,,2,,2
814.0,2,3.2768,2,34.2986,2,15.5,2,61.2,2,,2,,2
815.0,2,3.2764,2,34.2988,2,15.4,2,61.2,2,,2,,2
816.0,2,3.2755,2,34.299,2,15.4,2,61.2,2,,2,,2
817.0,2,3.2741,2,34.2994,2,15.4,2,61.2,2,,2,,2
817.9,2,3.2715,2,34.3002,2,15.3,2,61.2,2,,2,,2
819.0,2,3.2695,2,34.3011,2,15.3,2,61.3,2,,2,,2
820.0,2,3.2672,2,34.3013,2,15.3,2,61.3,2,,2,,2
821.0,2,3.2624,2,34.3024,2,15.2,2,61.3,2,,2,,2
822.0,2,3.2602,2,34.3029,2,15.1,2,61.3,2,,2,,2
823.0,2,3.2571,2,34.303000000000004,2,15.1,2,61.4,2,,2,,2
824.0,2,3.2533,2,34.3041,2,15.1,2,61.3,2,,2,,2
825.0,2,3.2523,2,34.3048,2,15.1,2,61.3,2,,2,,2
825.9,2,3.2508,2,34.3049,2,15.0,2,61.3,2,,2,,2
827.0,2,3.2489999999999997,2,34.3048,2,15.0,2,61.3,2,,2,,2
828.1,2,3.2460000000000004,2,34.3058,2,14.9,2,61.3,2,,2,,2
828.7,2,3.2454,2,34.306,2,14.9,2,61.3,2,,2,,2
830.3,2,3.2428,2,34.3071,2,14.8,2,61.3,2,,2,,2
831.0,2,3.2415,2,34.3069,2,14.7,2,61.3,2,,2,,2
832.0,2,3.2402,2,34.3076,2,14.7,2,61.3,2,,2,,2
833.0,2,3.2392,2,34.3074,2,14.7,2,61.3,2,,2,,2
834.0,2,3.2386,2,34.308,2,14.6,2,61.3,2,,2,,2
835.0,2,3.2376,2,34.3078,2,14.6,2,61.3,2,,2,,2
836.0,2,3.2358,2,34.3083,2,14.6,2,61.3,2,,2,,2
837.0,2,3.2321,2,34.3091,2,14.6,2,61.3,2,,2,,2
838.0,2,3.2293,2,34.3097,2,14.6,2,61.3,2,,2,,2
839.0,2,3.2268,2,34.3099,2,14.6,2,61.3,2,,2,,2
840.0,2,3.2241,2,34.3111,2,14.6,2,61.3,2,,2,,2
841.0,2,3.2222,2,34.3113,2,14.6,2,61.3,2,,2,,2
842.0,2,3.2206,2,34.3116,2,14.6,2,61.2,2,,2,,2
843.0,2,3.22,2,34.3119,2,14.6,2,61.2,2,,2,,2
844.0,2,3.2199,2,34.3116,2,14.5,2,61.3,2,,2,,2
845.0,2,3.2197,2,34.312,2,14.5,2,61.3,2,,2,,2
845.8,2,3.2194,2,34.312,2,14.5,2,61.3,2,,2,,2
847.2,2,3.2169,2,34.3124,2,14.4,2,61.3,2,,2,,2
848.0,2,3.2153,2,34.3129,2,14.4,2,61.2,2,,2,,2
849.0,2,3.2139,2,34.3132,2,14.5,2,61.3,2,,2,,2
850.0,2,3.2134,2,34.3135,2,14.4,2,61.2,2,,2,,2
851.0,2,3.2131,2,34.3136,2,14.4,2,61.2,2,,2,,2
852.1,2,3.2114,2,34.3136,2,14.3,2,61.2,2,,2,,2
853.0,2,3.2089999999999996,2,34.3141,2,14.4,2,61.2,2,,2,,2
854.0,2,3.2043,2,34.3153,2,14.4,2,61.2,2,,2,,2
855.1,2,3.2022,2,34.3155,2,14.3,2,61.2,2,,2,,2
856.0,2,3.1981,2,34.3168,2,14.3,2,61.2,2,,2,,2
857.0,2,3.1965,2,34.317,2,14.3,2,61.2,2,,2,,2
857.9,2,3.1956,2,34.3172,2,14.3,2,61.2,2,,2,,2
859.0,2,3.1939,2,34.3176,2,14.3,2,61.3,2,,2,,2
859.9,2,3.1931,2,34.318000000000005,2,14.3,2,61.3,2,,2,,2
861.0,2,3.1917,2,34.3182,2,14.2,2,61.2,2,,2,,2
862.0,2,3.1903,2,34.3185,2,14.2,2,61.2,2,,2,,2
863.0,2,3.1893,2,34.3185,2,14.1,2,61.2,2,,2,,2
864.0,2,3.1875,2,34.3189,2,14.1,2,61.2,2,,2,,2
865.0,2,3.1861,2,34.3191,2,14.1,2,61.2,2,,2,,2
866.0,2,3.1813,2,34.3204,2,14.1,2,61.0,2,,2,,2
868.3,2,3.1755,2,34.321999999999996,2,14.0,2,61.2,2,,2,,2
868.9,2,3.174,2,34.321999999999996,2,14.0,2,61.2,2,,2,,2
870.0,2,3.1709,2,34.3226,2,13.9,2,61.3,2,,2,,2
871.0,2,3.1692,2,34.3233,2,14.0,2,61.3,2,,2,,2
872.0,2,3.1683,2,34.3235,2,14.0,2,61.3,2,,2,,2
873.0,2,3.1675,2,34.324,2,14.0,2,61.3,2,,2,,2
874.0,2,3.1666,2,34.3236,2,13.9,2,61.3,2,,2,,2
875.0,2,3.1647,2,34.324,2,13.9,2,61.3,2,,2,,2
876.0,2,3.1615,2,34.3244,2,13.9,2,61.3,2,,2,,2
877.0,2,3.1578,2,34.3256,2,13.9,2,61.3,2,,2,,2
877.9,2,3.1552,2,34.3261,2,13.9,2,61.2,2,,2,,2
879.4,2,3.1545,2,34.3258,2,13.8,2,61.3,2,,2,,2
880.0,2,3.1519,2,34.3271,2,13.8,2,61.2,2,,2,,2
881.0,2,3.1493,2,34.3272,2,13.8,2,61.3,2,,2,,2
882.0,2,3.1458,2,34.328,2,13.8,2,61.2,2,,2,,2
883.0,2,3.1442,2,34.3287,2,13.8,2,61.2,2,,2,,2
884.0,2,3.1430000000000002,2,34.3287,2,13.7,2,61.3,2,,2,,2
885.0,2,3.1419,2,34.3294,2,13.8,2,61.2,2,,2,,2
886.0,2,3.141,2,34.3289,2,13.7,2,61.3,2,,2,,2
887.0,2,3.1403,2,34.3299,2,13.7,2,61.3,2,,2,,2
888.0,2,3.1406,2,34.3292,2,13.8,2,61.3,2,,2,,2
889.0,2,3.1384,2,34.3295,2,13.7,2,60.8,2,,2,,2
890.1,2,3.1315,2,34.3315,2,13.6,2,61.1,2,,2,,2
891.0,2,3.1288,2,34.3319,2,13.7,2,61.0,2,,2,,2
892.0,2,3.1285,2,34.3322,2,13.6,2,61.2,2,,2,,2
893.0,2,3.1272,2,34.3321,2,13.6,2,61.2,2,,2,,2
894.0,2,3.1237,2,34.3329,2,13.6,2,61.2,2,,2,,2
895.0,2,3.1226,2,34.3338,2,13.6,2,61.1,2,,2,,2
896.0,2,3.122,2,34.3335,2,13.5,2,61.0,2,,2,,2
897.0,2,3.1196,2,34.3338,2,13.6,2,61.1,2,,2,,2
898.0,2,3.1145,2,34.3344,2,13.6,2,61.1,2,,2,,2
899.0,2,3.1105,2,34.3364,2,13.5,2,61.2,2,,2,,2
900.0,2,3.1084,2,34.3363,2,13.5,2,61.2,2,,2,,2
901.2,2,3.1074,2,34.3365,2,13.5,2,61.2,2,,2,,2
902.1,2,3.1068,2,34.3367,2,13.4,2,60.7,2,,2,,2
902.9,2,3.1065,2,34.3367,2,13.4,2,61.1,2,,2,,2
904.0,2,3.1039999999999996,2,34.3373,2,13.3,2,61.3,2,,2,,2
905.0,2,3.1032,2,34.3379,2,13.4,2,61.3,2,,2,,2
906.0,2,3.1011,2,34.3376,2,13.4,2,61.3,2,,2,,2
907.0,2,3.0976,2,34.3388,2,13.3,2,61.2,2,,2,,2
908.0,2,3.0965,2,34.339,2,13.3,2,61.2,2,,2,,2
909.0,2,3.0941,2,34.3398,2,13.3,2,61.1,2,,2,,2
910.0,2,3.0919,2,34.3398,2,13.3,2,61.0,2,,2,,2
911.0,2,3.0897,2,34.3405,2,13.3,2,61.0,2,,2,,2
912.0,2,3.0836,2,34.3418,2,13.3,2,60.8,2,,2,,2
913.0,2,3.0801,2,34.3426,2,13.2,2,60.8,2,,2,,2
914.0,2,3.0756,2,34.3438,2,13.2,2,61.1,2,,2,,2
915.0,2,3.0726,2,34.3442,2,13.2,2,61.2,2,,2,,2
916.0,2,3.0713,2,34.3443,2,13.1,2,61.2,2,,2,,2
917.0,2,3.0708,2,34.3445,2,13.1,2,61.3,2,,2,,2
918.0,2,3.0685,2,34.3451,2,13.1,2,61.4,2,,2,,2
919.0,2,3.0679,2,34.3455,2,13.1,2,61.3,2,,2,,2
920.0,2,3.0674,2,34.3454,2,13.0,2,61.3,2,,2,,2
921.0,2,3.0673,2,34.3453,2,13.0,2,61.2,2,,2,,2
921.7,2,3.0675,2,34.3452,2,13.1,2,61.3,2,,2,,2
923.1,2,3.0672,2,34.3455,2,13.0,2,61.3,2,,2,,2
924.0,2,3.0672,2,34.3455,2,13.0,2,61.4,2,,2,,2
925.0,2,3.0674,2,34.3456,2,13.0,2,61.4,2,,2,,2
926.0,2,3.0682,2,34.3457,2,13.0,2,61.3,2,,2,,2
927.0,2,3.0681,2,34.3454,2,13.0,2,61.4,2,,2,,2
928.0,2,3.0682,2,34.3455,2,13.0,2,61.3,2,,2,,2
929.0,2,3.0675,2,34.3452,2,12.9,2,61.3,2,,2,,2
930.0,2,3.0665,2,34.3463,2,12.9,2,61.3,2,,2,,2
931.0,2,3.0662,2,34.346,2,12.9,2,61.4,2,,2,,2
932.0,2,3.0657,2,34.346,2,12.9,2,61.3,2,,2,,2
933.0,2,3.0637,2,34.3464,2,12.9,2,61.4,2,,2,,2
934.0,2,3.0627,2,34.3465,2,12.9,2,61.4,2,,2,,2
935.0,2,3.0610000000000004,2,34.3469,2,12.9,2,61.4,2,,2,,2
936.0,2,3.0581,2,34.3477,2,12.9,2,61.3,2,,2,,2
937.0,2,3.0561,2,34.3481,2,12.9,2,61.3,2,,2,,2
938.0,2,3.0534,2,34.3487,2,12.9,2,61.3,2,,2,,2
939.0,2,3.0502,2,34.3495,2,12.9,2,61.4,2,,2,,2
940.0,2,3.0482,2,34.35,2,12.8,2,61.4,2,,2,,2
941.0,2,3.0474,2,34.3501,2,12.9,2,61.3,2,,2,,2
942.0,2,3.0469,2,34.3503,2,12.9,2,61.2,2,,2,,2
943.0,2,3.0453,2,34.3507,2,12.8,2,61.2,2,,2,,2
944.0,2,3.0445,2,34.3503,2,12.9,2,61.2,2,,2,,2
945.0,2,3.0429,2,34.351,2,12.8,2,61.1,2,,2,,2
946.0,2,3.0386,2,34.3521,2,12.8,2,61.0,2,,2,,2
947.0,2,3.0381,2,34.352,2,12.8,2,61.0,2,,2,,2
948.0,2,3.0373,2,34.3522,2,12.8,2,61.2,2,,2,,2
949.0,2,3.0331,2,34.3532,2,12.8,2,61.2,2,,2,,2
950.0,2,3.0291,2,34.354,2,12.7,2,61.3,2,,2,,2
951.0,2,3.0288,2,34.354,2,12.7,2,61.3,2,,2,,2
952.0,2,3.0288,2,34.354,2,12.8,2,61.3,2,,2,,2
953.0,2,3.0279,2,34.3542,2,12.7,2,61.3,2,,2,,2
954.0,2,3.0258,2,34.3549,2,12.7,2,61.3,2,,2,,2
955.0,2,3.0252,2,34.3547,2,12.8,2,61.2,2,,2,,2
956.0,2,3.0243,2,34.3552,2,12.7,2,61.2,2,,2,,2
957.0,2,3.0233,2,34.3555,2,12.7,2,61.2,2,,2,,2
958.0,2,3.0221,2,34.3551,2,12.8,2,61.2,2,,2,,2
959.0,2,3.0192,2,34.3562,2,12.7,2,61.2,2,,2,,2
960.0,2,3.0169,2,34.3568,2,12.7,2,61.2,2,,2,,2
961.0,2,3.0158,2,34.3568,2,12.7,2,61.3,2,,2,,2
962.0,2,3.0154,2,34.3571,2,12.6,2,61.3,2,,2,,2
963.0,2,3.0145,2,34.357,2,12.7,2,61.3,2,,2,,2
964.0,2,3.0143,2,34.3571,2,12.6,2,61.3,2,,2,,2
965.0,2,3.0139,2,34.3573,2,12.7,2,61.4,2,,2,,2
966.0,2,3.0132,2,34.3575,2,12.7,2,61.4,2,,2,,2
967.0,2,3.0124,2,34.3576,2,12.7,2,61.4,2,,2,,2
968.0,2,3.0123,2,34.3579,2,12.7,2,61.4,2,,2,,2
969.0,2,3.0122,2,34.3579,2,12.7,2,61.4,2,,2,,2
970.0,2,3.0103,2,34.3579,2,12.6,2,61.4,2,,2,,2
971.0,2,3.0046,2,34.3591,2,12.7,2,61.3,2,,2,,2
972.0,2,3.0028,2,34.3599,2,12.6,2,61.4,2,,2,,2
973.0,2,3.002,2,34.3599,2,12.7,2,61.3,2,,2,,2
974.0,2,3.0010000000000003,2,34.36,2,12.7,2,61.3,2,,2,,2
975.0,2,2.9989999999999997,2,34.3604,2,12.6,2,61.3,2,,2,,2
976.0,2,2.9943,2,34.3616,2,12.6,2,61.3,2,,2,,2
977.0,2,2.9927,2,34.3618,2,12.6,2,61.3,2,,2,,2
978.3,2,2.9897,2,34.3625,2,12.6,2,61.2,2,,2,,2
979.0,2,2.9871,2,34.3633,2,12.6,2,61.3,2,,2,,2
980.0,2,2.9854,2,34.3632,2,12.6,2,61.4,2,,2,,2
981.0,2,2.9839,2,34.3637,2,12.6,2,61.4,2,,2,,2
982.0,2,2.9823,2,34.3643,2,12.6,2,61.4,2,,2,,2
983.0,2,2.9791,2,34.3646,2,12.6,2,61.4,2,,2,,2
984.0,2,2.978,2,34.3656,2,12.6,2,61.4,2,,2,,2
985.0,2,2.9769,2,34.365,2,12.6,2,61.4,2,,2,,2
986.0,2,2.975,2,34.3657,2,12.6,2,61.4,2,,2,,2
987.0,2,2.9733,2,34.366,2,12.6,2,61.2,2,,2,,2
988.0,2,2.9723,2,34.3661,2,12.5,2,61.1,2,,2,,2
989.0,2,2.9716,2,34.3664,2,12.6,2,61.1,2,,2,,2
990.0,2,2.9699,2,34.3666,2,12.5,2,61.2,2,,2,,2
991.0,2,2.9688,2,34.3672,2,12.6,2,61.2,2,,2,,2
992.0,2,2.9684,2,34.3671,2,12.5,2,61.3,2,,2,,2
993.0,2,2.9675,2,34.3676,2,12.5,2,61.3,2,,2,,2
994.0,2,2.9668,2,34.3675,2,12.5,2,61.3,2,,2,,2
995.0,2,2.9658,2,34.3675,2,12.5,2,61.3,2,,2,,2
996.0,2,2.9638,2,34.368,2,12.5,2,61.2,2,,2,,2
997.0,2,2.9635,2,34.3681,2,12.4,2,61.2,2,,2,,2
998.0,2,2.9619,2,34.3686,2,12.4,2,61.1,2,,2,,2
999.0,2,2.9604,2,34.3685,2,12.4,2,61.2,2,,2,,2
1000.0,2,2.9589999999999996,2,34.3691,2,12.5,2,61.2,2,,2,,2
1001.0,2,2.9571,2,34.3694,2,12.4,2,61.3,2,,2,,2
1002.4,2,2.9554,2,34.3704,2,12.3,2,61.2,2,,2,,2
1003.0,2,2.9533,2,34.3702,2,12.3,2,61.4,2,,2,,2
1004.0,2,2.9525,2,34.3706,2,12.4,2,61.4,2,,2,,2
1005.0,2,2.9514,2,34.371,2,12.4,2,61.4,2,,2,,2
1006.0,2,2.9501,2,34.3712,2,12.4,2,61.4,2,,2,,2
1007.0,2,2.9484,2,34.3715,2,12.3,2,61.3,2,,2,,2
1008.0,2,2.9471,2,34.3715,2,12.4,2,61.3,2,,2,,2
1009.0,2,2.9458,2,34.3724,2,12.3,2,61.3,2,,2,,2
1010.0,2,2.9452,2,34.372,2,12.3,2,61.3,2,,2,,2
1011.0,2,2.9442,2,34.3726,2,12.4,2,61.2,2,,2,,2
1012.0,2,2.9411,2,34.3727,2,12.3,2,61.3,2,,2,,2
1013.0,2,2.9371,2,34.3738,2,12.3,2,61.3,2,,2,,2
1014.0,2,2.9365,2,34.3738,2,12.3,2,61.2,2,,2,,2
1014.9,2,2.9363,2,34.3737,2,12.3,2,61.2,2,,2,,2
1016.0,2,2.9356,2,34.3739,2,12.3,2,61.4,2,,2,,2
1017.0,2,2.9351,2,34.3741,2,12.3,2,61.4,2,,2,,2
1018.0,2,2.9339,2,34.3744,2,12.3,2,61.4,2,,2,,2
1019.0,2,2.9319,2,34.3748,2,12.3,2,61.3,2,,2,,2
1020.0,2,2.9286,2,34.3755,2,12.3,2,61.2,2,,2,,2
1021.0,2,2.9287,2,34.3757,2,12.3,2,61.2,2,,2,,2
1022.0,2,2.9268,2,34.376,2,12.3,2,61.1,2,,2,,2
1023.0,2,2.9254,2,34.3764,2,12.3,2,61.1,2,,2,,2
1024.0,2,2.9187,2,34.3774,2,12.3,2,61.0,2,,2,,2
1025.0,2,2.9145,2,34.3783,2,12.3,2,61.2,2,,2,,2
1026.0,2,2.91,2,34.3795,2,12.2,2,61.2,2,,2,,2
1027.0,2,2.9074,2,34.3797,2,12.2,2,61.3,2,,2,,2
1028.0,2,2.9055,2,34.3803,2,12.2,2,61.4,2,,2,,2
1028.7,2,2.905,2,34.3801,2,12.2,2,61.3,2,,2,,2
1030.1,2,2.9045,2,34.3805,2,12.2,2,61.4,2,,2,,2
1031.0,2,2.9037,2,34.3803,2,12.2,2,61.4,2,,2,,2
1032.0,2,2.9035,2,34.381,2,12.2,2,61.4,2,,2,,2
1033.0,2,2.903,2,34.3807,2,12.1,2,61.4,2,,2,,2
1034.0,2,2.9019,2,34.381,2,12.2,2,61.3,2,,2,,2
1035.0,2,2.8988,2,34.3818,2,12.2,2,61.4,2,,2,,2
1036.0,2,2.8983,2,34.3821,2,12.1,2,61.4,2,,2,,2
1037.0,2,2.8975,2,34.3822,2,12.1,2,61.4,2,,2,,2
1038.1,2,2.8956,2,34.3822,2,12.2,2,61.4,2,,2,,2
1039.1,2,2.8929,2,34.383,2,12.1,2,61.4,2,,2,,2
1040.0,2,2.8917,2,34.3832,2,12.1,2,61.4,2,,2,,2
1041.0,2,2.8897,2,34.3836,2,12.1,2,61.4,2,,2,,2
1041.9,2,2.8893,2,34.3837,2,12.2,2,61.4,2,,2,,2
1043.0,2,2.8886,2,34.3841,2,12.1,2,61.4,2,,2,,2
1044.0,2,2.8883,2,34.3838,2,12.1,2,61.4,2,,2,,2
1045.0,2,2.888,2,34.3842,2,12.1,2,61.4,2,,2,,2
1046.0,2,2.8874,2,34.3843,2,12.1,2,61.4,2,,2,,2
1047.0,2,2.8856,2,34.3847,2,12.2,2,61.4,2,,2,,2
1048.0,2,2.8845,2,34.3852,2,12.1,2,61.4,2,,2,,2
1049.0,2,2.8833,2,34.3854,2,12.1,2,61.3,2,,2,,2
1050.0,2,2.8818,2,34.3856,2,12.0,2,61.3,2,,2,,2
1051.0,2,2.8744,2,34.3873,2,12.0,2,61.2,2,,2,,2
1052.0,2,2.8717,2,34.3879,2,12.0,2,61.2,2,,2,,2
1053.0,2,2.8714,2,34.388000000000005,2,12.0,2,61.3,2,,2,,2
1054.0,2,2.8713,2,34.388000000000005,2,11.9,2,61.3,2,,2,,2
1055.0,2,2.8711,2,34.3878,2,11.9,2,61.3,2,,2,,2
1055.9,2,2.8699,2,34.3882,2,11.9,2,61.4,2,,2,,2
1057.0,2,2.8668,2,34.3887,2,12.0,2,61.4,2,,2,,2
1058.0,2,2.8634,2,34.3896,2,11.9,2,61.4,2,,2,,2
1059.0,2,2.8625,2,34.3896,2,11.9,2,61.4,2,,2,,2
1060.0,2,2.8608,2,34.39,2,11.9,2,61.3,2,,2,,2
1061.0,2,2.8592,2,34.39,2,12.0,2,61.3,2,,2,,2
1062.0,2,2.8571,2,34.3906,2,12.1,2,61.3,2,,2,,2
1063.0,2,2.8561,2,34.3909,2,12.1,2,61.3,2,,2,,2
1064.0,2,2.8537,2,34.3912,2,12.1,2,61.4,2,,2,,2
1065.0,2,2.8526,2,34.3916,2,12.1,2,61.4,2,,2,,2
1065.9,2,2.8524,2,34.3915,2,12.2,2,61.4,2,,2,,2
1067.0,2,2.8509,2,34.3919,2,12.2,2,61.4,2,,2,,2
1068.0,2,2.8499,2,34.3919,2,12.0,2,61.4,2,,2,,2
1069.0,2,2.8482,2,34.3926,2,12.1,2,61.4,2,,2,,2
1070.1,2,2.8477,2,34.3925,2,12.1,2,61.4,2,,2,,2
1071.0,2,2.8469,2,34.393,2,12.1,2,61.4,2,,2,,2
1072.0,2,2.8457,2,34.3931,2,12.1,2,61.4,2,,2,,2
1073.0,2,2.8451,2,34.3935,2,12.1,2,61.4,2,,2,,2
1074.0,2,2.8451,2,34.3934,2,12.0,2,61.4,2,,2,,2
1075.1,2,2.8445,2,34.3937,2,12.0,2,61.4,2,,2,,2
1076.0,2,2.8418,2,34.3946,2,12.0,2,61.4,2,,2,,2
1077.0,2,2.8393,2,34.3949,2,11.9,2,61.4,2,,2,,2
1078.0,2,2.8385,2,34.3949,2,11.9,2,61.4,2,,2,,2
1079.0,2,2.8377,2,34.3951,2,11.9,2,61.4,2,,2,,2
1080.0,2,2.8363,2,34.3953,2,12.0,2,59.7,2,,2,,2
1081.0,2,2.8351,2,34.3955,2,12.0,2,60.9,2,,2,,2
1082.0,2,2.8336,2,34.3956,2,12.1,2,61.4,2,,2,,2
1083.0,2,2.8329,2,34.3962,2,12.0,2,61.4,2,,2,,2
1084.0,2,2.8316,2,34.3959,2,12.0,2,61.4,2,,2,,2
1085.0,2,2.8299,2,34.3966,2,12.1,2,61.4,2,,2,,2
1085.8,2,2.8282,2,34.397,2,12.1,2,61.4,2,,2,,2
1087.2,2,2.826,2,34.3975,2,12.1,2,61.4,2,,2,,2
1088.0,2,2.825,2,34.3979,2,12.1,2,61.4,2,,2,,2
1089.0,2,2.8243,2,34.3979,2,12.1,2,61.4,2,,2,,2
1090.0,2,2.823,2,34.3983,2,12.1,2,61.4,2,,2,,2
1091.0,2,2.8214,2,34.3982,2,12.0,2,61.4,2,,2,,2
1092.0,2,2.8191,2,34.3989,2,12.0,2,61.4,2,,2,,2
1093.0,2,2.8167,2,34.3997,2,12.0,2,61.4,2,,2,,2
1094.1,2,2.8148,2,34.3999,2,12.1,2,61.4,2,,2,,2
1095.1,2,2.8131,2,34.4003,2,12.0,2,61.4,2,,2,,2
1095.8,2,2.8122,2,34.4008,2,12.0,2,61.3,2,,2,,2
1097.0,2,2.812,2,34.4007,2,12.0,2,61.3,2,,2,,2
1098.0,2,2.8119,2,34.4009,2,12.1,2,61.4,2,,2,,2
1099.0,2,2.8116,2,34.4009,2,12.0,2,61.4,2,,2,,2
1100.0,2,2.8107,2,34.400999999999996,2,12.1,2,61.4,2,,2,,2
1101.0,2,2.8087,2,34.4014,2,12.0,2,61.4,2,,2,,2
1102.0,2,2.8068,2,34.4019,2,12.0,2,61.4,2,,2,,2
1103.0,2,2.8055,2,34.402,2,12.0,2,61.4,2,,2,,2
1104.1,2,2.8042,2,34.4025,2,11.9,2,61.4,2,,2,,2
1105.1,2,2.8021,2,34.403,2,11.9,2,61.4,2,,2,,2
1105.9,2,2.8005,2,34.4035,2,11.9,2,61.4,2,,2,,2
1107.0,2,2.7978,2,34.4038,2,11.9,2,61.4,2,,2,,2
1108.0,2,2.7961,2,34.4042,2,11.9,2,61.4,2,,2,,2
1109.0,2,2.7931,2,34.4047,2,11.9,2,61.4,2,,2,,2
1110.0,2,2.792,2,34.405,2,11.9,2,61.4,2,,2,,2
1111.0,2,2.7912,2,34.4053,2,11.9,2,61.4,2,,2,,2
1112.0,2,2.7912,2,34.405,2,11.9,2,61.4,2,,2,,2
1113.0,2,2.7907,2,34.4052,2,11.9,2,61.4,2,,2,,2
1114.0,2,2.7891,2,34.4055,2,11.9,2,61.4,2,,2,,2
1115.0,2,2.7878,2,34.4056,2,11.9,2,61.4,2,,2,,2
1116.0,2,2.7866,2,34.4059,2,11.9,2,61.4,2,,2,,2
1117.0,2,2.7861,2,34.4059,2,12.0,2,61.4,2,,2,,2
1118.0,2,2.7858,2,34.4062,2,11.9,2,61.4,2,,2,,2
1119.0,2,2.7855,2,34.4062,2,11.9,2,61.4,2,,2,,2
1119.9,2,2.7846,2,34.4068,2,11.9,2,61.4,2,,2,,2
1120.9,2,2.7825,2,34.4069,2,11.9,2,61.4,2,,2,,2
1122.0,2,2.7805,2,34.4075,2,11.9,2,61.4,2,,2,,2
1123.0,2,2.779,2,34.4077,2,11.9,2,61.4,2,,2,,2
1124.0,2,2.7772,2,34.4083,2,11.9,2,61.4,2,,2,,2
1125.0,2,2.7752,2,34.4084,2,11.9,2,61.4,2,,2,,2
1126.0,2,2.7728,2,34.409,2,12.0,2,61.4,2,,2,,2
1127.0,2,2.7711,2,34.409,2,11.9,2,61.4,2,,2,,2
1128.0,2,2.7706,2,34.4095,2,11.9,2,61.4,2,,2,,2
1129.0,2,2.7677,2,34.41,2,11.9,2,61.4,2,,2,,2
1130.0,2,2.764,2,34.4109,2,11.9,2,61.4,2,,2,,2
1130.8,2,2.7632,2,34.4109,2,11.9,2,61.4,2,,2,,2
1132.0,2,2.7611,2,34.4114,2,12.0,2,61.4,2,,2,,2
1133.0,2,2.7593,2,34.412,2,12.0,2,61.4,2,,2,,2
1134.0,2,2.7581,2,34.4122,2,12.0,2,61.4,2,,2,,2
1135.0,2,2.7576,2,34.4127,2,11.9,2,61.4,2,,2,,2
1136.0,2,2.7571,2,34.4125,2,12.0,2,61.4,2,,2,,2
1137.0,2,2.7571,2,34.4125,2,12.0,2,61.4,2,,2,,2
1138.1,2,2.7563,2,34.4129,2,11.9,2,61.4,2,,2,,2
1139.1,2,2.755,2,34.4131,2,11.9,2,61.4,2,,2,,2
1140.0,2,2.7541,2,34.4133,2,12.0,2,61.4,2,,2,,2
1141.0,2,2.7533,2,34.4136,2,11.9,2,61.4,2,,2,,2
1142.0,2,2.7521,2,34.4141,2,11.9,2,61.4,2,,2,,2
1143.0,2,2.7509,2,34.4141,2,11.9,2,61.4,2,,2,,2
1144.2,2,2.7494,2,34.4142,2,11.9,2,61.4,2,,2,,2
1144.6,2,2.748,2,34.4144,2,11.7,2,61.0,2,,2,,2
1145.9,2,2.7462,2,34.4155,2,11.8,2,61.3,2,,2,,2
1147.0,2,2.7452,2,34.4151,2,11.8,2,61.3,2,,2,,2
1148.0,2,2.7442,2,34.416,2,11.8,2,61.3,2,,2,,2
1149.0,2,2.7435,2,34.4159,2,11.8,2,61.2,2,,2,,2
1150.0,2,2.7427,2,34.416,2,11.9,2,61.2,2,,2,,2
1151.0,2,2.7417,2,34.416,2,11.8,2,61.2,2,,2,,2
1152.0,2,2.7406,2,34.4161,2,11.9,2,61.3,2,,2,,2
1153.0,2,2.7383,2,34.4167,2,11.8,2,61.3,2,,2,,2
1154.0,2,2.7366,2,34.4175,2,11.8,2,61.3,2,,2,,2
1155.0,2,2.7342,2,34.4179,2,11.8,2,61.0,2,,2,,2
1156.0,2,2.7329,2,34.4183,2,11.8,2,61.0,2,,2,,2
1157.0,2,2.7329,2,34.4182,2,11.8,2,61.1,2,,2,,2
1158.0,2,2.7324,2,34.4183,2,11.7,2,61.2,2,,2,,2
1159.0,2,2.7293,2,34.4188,2,11.8,2,61.3,2,,2,,2
1160.0,2,2.7264,2,34.4197,2,11.8,2,61.3,2,,2,,2
1161.0,2,2.7261,2,34.4197,2,11.8,2,61.2,2,,2,,2
1162.0,2,2.7259,2,34.4196,2,11.7,2,61.2,2,,2,,2
1163.0,2,2.7256,2,34.4196,2,11.7,2,61.3,2,,2,,2
1164.0,2,2.7245,2,34.42,2,11.7,2,61.3,2,,2,,2
1164.9,2,2.7236,2,34.4202,2,11.7,2,61.3,2,,2,,2
1166.0,2,2.7227,2,34.4205,2,11.7,2,61.3,2,,2,,2
1167.0,2,2.7205,2,34.4211,2,11.7,2,61.4,2,,2,,2
1168.0,2,2.7181,2,34.4214,2,11.6,2,61.4,2,,2,,2
1169.0,2,2.7161,2,34.4225,2,11.7,2,61.4,2,,2,,2
1170.0,2,2.7153,2,34.422,2,11.7,2,61.4,2,,2,,2
1171.0,2,2.7143,2,34.4226,2,11.7,2,61.4,2,,2,,2
1172.0,2,2.7124,2,34.423,2,11.6,2,61.4,2,,2,,2
1173.0,2,2.7109,2,34.4233,2,11.6,2,61.4,2,,2,,2
1174.0,2,2.7088,2,34.4238,2,11.6,2,61.3,2,,2,,2
1175.0,2,2.7081,2,34.4241,2,11.6,2,61.4,2,,2,,2
1176.0,2,2.707,2,34.4241,2,11.6,2,61.4,2,,2,,2
1176.9,2,2.705,2,34.4248,2,11.5,2,61.4,2,,2,,2
1178.0,2,2.7038,2,34.4254,2,11.4,2,61.4,2,,2,,2
1179.0,2,2.7038,2,34.4252,2,11.4,2,61.4,2,,2,,2
1180.0,2,2.7038,2,34.4259,2,11.4,2,61.4,2,,2,,2
1181.0,2,2.7038,2,34.4257,2,11.4,2,61.4,2,,2,,2
1182.0,2,2.7032,2,34.4258,2,11.3,2,61.3,2,,2,,2
1183.0,2,2.701,2,34.4263,2,11.3,2,61.3,2,,2,,2
1184.0,2,2.7013,2,34.4266,2,11.2,2,61.4,2,,2,,2
1185.1,2,2.6997,2,34.4271,2,11.1,2,61.4,2,,2,,2
1185.9,2,2.6993,2,34.4273,2,11.0,2,61.4,2,,2,,2
1186.9,2,2.6992,2,34.4274,2,11.0,2,61.4,2,,2,,2
1188.0,2,2.6985,2,34.4275,2,10.9,2,61.4,2,,2,,2
1189.0,2,2.6972,2,34.428000000000004,2,10.9,2,61.4,2,,2,,2
1190.0,2,2.6956,2,34.4284,2,10.9,2,61.4,2,,2,,2
1191.0,2,2.695,2,34.4282,2,10.9,2,61.4,2,,2,,2
1192.0,2,2.6944,2,34.4283,2,10.9,2,61.4,2,,2,,2
1193.0,2,2.6938,2,34.4289,2,10.9,2,61.4,2,,2,,2
1194.1,2,2.6923,2,34.4286,2,10.8,2,61.4,2,,2,,2
1195.1,2,2.6908,2,34.4293,2,10.9,2,61.4,2,,2,,2
1196.0,2,2.6894,2,34.4292,2,10.8,2,61.4,2,,2,,2
1197.0,2,2.6875,2,34.4296,2,10.9,2,61.4,2,,2,,2
1198.0,2,2.6853,2,34.4299,2,10.9,2,61.4,2,,2,,2
1199.2,2,2.6823,2,34.4306,2,10.9,2,61.5,2,,2,,2
1200.0,2,2.6812,2,34.4311,2,10.8,2,61.5,2,,2,,2
1201.0,2,2.6803,2,34.4313,2,10.9,2,61.4,2,,2,,2
1202.0,2,2.6797,2,34.4312,2,10.9,2,61.4,2,,2,,2
1203.0,2,2.6778,2,34.431999999999995,2,10.9,2,61.4,2,,2,,2
1204.0,2,2.6764,2,34.4321,2,10.9,2,61.4,2,,2,,2
1205.0,2,2.6757,2,34.4322,2,10.9,2,61.4,2,,2,,2
1206.0,2,2.6745,2,34.4323,2,10.9,2,61.4,2,,2,,2
1207.0,2,2.6731,2,34.4328,2,10.9,2,61.4,2,,2,,2
1208.0,2,2.6721,2,34.4331,2,10.9,2,61.4,2,,2,,2
1209.1,2,2.6709,2,34.4331,2,10.8,2,61.4,2,,2,,2
1209.9,2,2.6691,2,34.4337,2,10.9,2,61.4,2,,2,,2
1211.0,2,2.6665,2,34.4344,2,10.9,2,61.4,2,,2,,2
1212.0,2,2.6658,2,34.4345,2,10.9,2,61.4,2,,2,,2
1213.0,2,2.6656,2,34.4346,2,10.9,2,61.4,2,,2,,2
1214.0,2,2.6641,2,34.4351,2,10.9,2,61.4,2,,2,,2
1215.0,2,2.6633,2,34.4352,2,10.9,2,61.4,2,,2,,2
1216.0,2,2.6626,2,34.4355,2,10.9,2,61.4,2,,2,,2
1217.0,2,2.6625,2,34.4352,2,10.8,2,61.4,2,,2,,2
1218.1,2,2.6615,2,34.4353,2,10.9,2,61.3,2,,2,,2
1219.1,2,2.6601,2,34.4358,2,10.9,2,61.2,2,,2,,2
1220.0,2,2.6595,2,34.4361,2,10.9,2,61.4,2,,2,,2
1221.0,2,2.6585,2,34.436,2,10.9,2,61.4,2,,2,,2
1222.0,2,2.6568,2,34.4366,2,10.9,2,61.4,2,,2,,2
1223.0,2,2.6565,2,34.4369,2,10.8,2,61.4,2,,2,,2
1224.0,2,2.656,2,34.4367,2,10.8,2,61.4,2,,2,,2
1225.0,2,2.6552,2,34.4371,2,10.8,2,61.4,2,,2,,2
1226.0,2,2.6544,2,34.4374,2,10.8,2,61.4,2,,2,,2
1227.0,2,2.6541,2,34.4375,2,10.8,2,61.4,2,,2,,2
1228.0,2,2.6532,2,34.4374,2,10.8,2,61.4,2,,2,,2
1229.0,2,2.6510000000000002,2,34.4378,2,10.8,2,61.4,2,,2,,2
1230.0,2,2.6489,2,34.4382,2,10.8,2,61.4,2,,2,,2
1230.9,2,2.6473,2,34.4386,2,10.9,2,61.4,2,,2,,2
1232.0,2,2.6462,2,34.4389,2,10.9,2,61.4,2,,2,,2
1233.0,2,2.6454,2,34.4393,2,10.9,2,61.4,2,,2,,2
1234.0,2,2.6444,2,34.4394,2,10.9,2,61.4,2,,2,,2
1235.0,2,2.6431,2,34.4397,2,10.8,2,61.4,2,,2,,2
1236.0,2,2.6411,2,34.4401,2,10.9,2,61.4,2,,2,,2
1237.0,2,2.6399,2,34.44,2,10.9,2,61.4,2,,2,,2
1238.0,2,2.6391,2,34.4405,2,10.8,2,61.4,2,,2,,2
1239.0,2,2.6377,2,34.4408,2,10.9,2,61.4,2,,2,,2
1240.0,2,2.636,2,34.4409,2,10.9,2,61.4,2,,2,,2
1241.0,2,2.6357,2,34.4408,2,10.9,2,61.4,2,,2,,2
1242.0,2,2.635,2,34.4411,2,10.9,2,61.4,2,,2,,2
1243.0,2,2.6335,2,34.4413,2,10.9,2,61.4,2,,2,,2
1244.0,2,2.6302,2,34.4422,2,10.9,2,61.4,2,,2,,2
1245.0,2,2.6291,2,34.4426,2,10.9,2,61.4,2,,2,,2
1246.0,2,2.6277,2,34.4426,2,10.9,2,61.4,2,,2,,2
1247.0,2,2.6244,2,34.4433,2,10.9,2,61.4,2,,2,,2
1248.0,2,2.62,2,34.4447,2,10.9,2,61.4,2,,2,,2
1249.0,2,2.6193,2,34.4444,2,11.0,2,61.4,2,,2,,2
1250.1,2,2.6175,2,34.4451,2,11.0,2,61.4,2,,2,,2
1251.0,2,2.6148,2,34.4455,2,11.0,2,61.4,2,,2,,2
1252.0,2,2.6127,2,34.4462,2,11.0,2,61.5,2,,2,,2
1253.0,2,2.6117,2,34.4467,2,11.0,2,61.4,2,,2,,2
1254.0,2,2.6095,2,34.4469,2,11.1,2,61.4,2,,2,,2
1255.0,2,2.6069999999999998,2,34.4476,2,11.0,2,61.4,2,,2,,2
1256.0,2,2.605,2,34.448,2,11.0,2,61.4,2,,2,,2
1257.0,2,2.6019,2,34.4484,2,11.0,2,61.4,2,,2,,2
1258.1,2,2.5988,2,34.4494,2,11.1,2,61.4,2,,2,,2
1258.6,2,2.5969,2,34.4495,2,11.1,2,61.4,2,,2,,2
1260.3,2,2.5958,2,34.4496,2,11.1,2,61.4,2,,2,,2
1260.9,2,2.5949,2,34.4504,2,11.1,2,61.4,2,,2,,2
1262.0,2,2.594,2,34.4505,2,11.0,2,61.4,2,,2,,2
1263.0,2,2.593,2,34.4507,2,11.1,2,61.4,2,,2,,2
1264.0,2,2.5916,2,34.4507,2,11.1,2,61.4,2,,2,,2
1265.1,2,2.5898,2,34.451,2,11.1,2,61.4,2,,2,,2
1265.9,2,2.5887,2,34.4513,2,11.2,2,61.4,2,,2,,2
1267.0,2,2.5891,2,34.4518,2,11.2,2,61.4,2,,2,,2
1268.0,2,2.5874,2,34.4515,2,11.2,2,61.4,2,,2,,2
1269.0,2,2.5857,2,34.4524,2,11.2,2,61.4,2,,2,,2
1270.0,2,2.5838,2,34.4523,2,11.2,2,61.4,2,,2,,2
1271.1,2,2.5803,2,34.4532,2,11.3,2,61.4,2,,2,,2
1272.1,2,2.5789,2,34.4535,2,11.2,2,61.4,2,,2,,2
1272.8,2,2.5789999999999997,2,34.4535,2,11.3,2,61.2,2,,2,,2
1274.0,2,2.5784,2,34.4539,2,11.3,2,61.4,2,,2,,2
1275.0,2,2.5772,2,34.454,2,11.3,2,61.4,2,,2,,2
1276.0,2,2.5765,2,34.454,2,11.3,2,61.4,2,,2,,2
1277.0,2,2.5759,2,34.4544,2,11.3,2,61.4,2,,2,,2
1278.0,2,2.5742,2,34.4546,2,11.3,2,61.4,2,,2,,2
1279.0,2,2.5716,2,34.4552,2,11.3,2,61.4,2,,2,,2
1279.8,2,2.5698,2,34.4555,2,11.3,2,61.4,2,,2,,2
1281.0,2,2.5683,2,34.4557,2,11.3,2,61.4,2,,2,,2
1282.0,2,2.5684,2,34.455999999999996,2,11.4,2,61.4,2,,2,,2
1283.0,2,2.5669999999999997,2,34.455999999999996,2,11.3,2,61.3,2,,2,,2
1284.0,2,2.5657,2,34.4565,2,11.4,2,61.4,2,,2,,2
1285.0,2,2.5658,2,34.4569,2,11.4,2,61.4,2,,2,,2
1286.0,2,2.5655,2,34.4563,2,11.4,2,61.4,2,,2,,2
1287.1,2,2.5649,2,34.4567,2,11.4,2,61.4,2,,2,,2
1288.1,2,2.5633,2,34.4568,2,11.4,2,61.4,2,,2,,2
1288.9,2,2.5628,2,34.457,2,11.4,2,61.4,2,,2,,2
1290.0,2,2.5619,2,34.4574,2,11.5,2,61.4,2,,2,,2
1291.0,2,2.5616,2,34.4573,2,11.4,2,61.5,2,,2,,2
1292.0,2,2.5607,2,34.4573,2,11.5,2,61.4,2,,2,,2
1293.0,2,2.5598,2,34.4579,2,11.5,2,61.4,2,,2,,2
1294.0,2,2.5585,2,34.4581,2,11.5,2,61.4,2,,2,,2
1295.0,2,2.5571,2,34.4583,2,11.5,2,61.4,2,,2,,2
1296.0,2,2.5573,2,34.4585,2,11.5,2,61.4,2,,2,,2
1297.0,2,2.5558,2,34.4585,2,11.5,2,61.4,2,,2,,2
1298.0,2,2.5545,2,34.459,2,11.5,2,61.4,2,,2,,2
1299.0,2,2.5541,2,34.459,2,11.6,2,61.4,2,,2,,2
1299.9,2,2.5531,2,34.4591,2,11.5,2,61.4,2,,2,,2
1301.0,2,2.5508,2,34.4596,2,11.6,2,61.4,2,,2,,2
1302.0,2,2.5489,2,34.4601,2,11.6,2,61.4,2,,2,,2
1303.0,2,2.5488,2,34.4603,2,11.6,2,61.4,2,,2,,2
1304.0,2,2.5488,2,34.4599,2,11.6,2,61.4,2,,2,,2
1305.0,2,2.5489,2,34.4601,2,11.6,2,61.4,2,,2,,2
1306.0,2,2.5488,2,34.4601,2,11.6,2,61.4,2,,2,,2
1307.0,2,2.548,2,34.4603,2,11.6,2,61.4,2,,2,,2
1308.0,2,2.5468,2,34.461,2,11.7,2,61.4,2,,2,,2
1309.0,2,2.5454,2,34.461,2,11.6,2,61.4,2,,2,,2
1310.0,2,2.5433,2,34.4612,2,11.6,2,61.4,2,,2,,2
1311.0,2,2.5421,2,34.4619,2,11.6,2,61.4,2,,2,,2
1312.1,2,2.5416,2,34.4615,2,11.7,2,61.4,2,,2,,2
1313.0,2,2.5404,2,34.4618,2,11.7,2,61.4,2,,2,,2
1314.0,2,2.5402,2,34.4622,2,11.8,2,61.4,2,,2,,2
1315.0,2,2.5396,2,34.4623,2,11.8,2,61.4,2,,2,,2
1316.0,2,2.5386,2,34.4625,2,11.8,2,61.4,2,,2,,2
1317.0,2,2.5379,2,34.4629,2,11.8,2,61.4,2,,2,,2
1318.0,2,2.5369,2,34.4633,2,11.8,2,61.4,2,,2,,2
1319.1,2,2.5363,2,34.4628,2,11.8,2,61.4,2,,2,,2
1319.9,2,2.5361,2,34.4628,2,11.8,2,61.4,2,,2,,2
1321.0,2,2.5341,2,34.4633,2,11.8,2,61.5,2,,2,,2
1322.0,2,2.5334,2,34.4635,2,11.8,2,61.4,2,,2,,2
1323.0,2,2.5311,2,34.464,2,11.8,2,61.5,2,,2,,2
1324.0,2,2.5287,2,34.4647,2,11.8,2,61.4,2,,2,,2
1325.0,2,2.5269999999999997,2,34.4647,2,11.9,2,61.4,2,,2,,2
1326.0,2,2.5263,2,34.4651,2,11.9,2,61.5,2,,2,,2
1327.1,2,2.5256,2,34.4651,2,11.9,2,61.5,2,,2,,2
1327.9,2,2.5255,2,34.4651,2,11.9,2,61.5,2,,2,,2
1328.9,2,2.5252,2,34.4654,2,11.9,2,61.5,2,,2,,2
1330.0,2,2.5249,2,34.4655,2,12.0,2,61.4,2,,2,,2
1331.0,2,2.5248,2,34.4654,2,11.9,2,61.4,2,,2,,2
1332.0,2,2.5246,2,34.4658,2,11.9,2,61.4,2,,2,,2
1333.1,2,2.5245,2,34.4653,2,11.9,2,61.4,2,,2,,2
1334.0,2,2.5234,2,34.4656,2,12.0,2,61.4,2,,2,,2
1334.9,2,2.5207,2,34.4661,2,12.0,2,61.4,2,,2,,2
1336.3,2,2.5197,2,34.4663,2,12.1,2,61.5,2,,2,,2
1336.9,2,2.5181,2,34.4667,2,12.1,2,61.5,2,,2,,2
1337.9,2,2.5173,2,34.4669,2,12.1,2,61.5,2,,2,,2
1339.0,2,2.5168,2,34.4674,2,12.1,2,61.4,2,,2,,2
1340.0,2,2.5164,2,34.4671,2,12.1,2,61.4,2,,2,,2
1341.0,2,2.5157,2,34.4675,2,12.1,2,61.4,2,,2,,2
1342.0,2,2.5149,2,34.4677,2,12.2,2,61.4,2,,2,,2
1343.0,2,2.5144,2,34.4678,2,12.2,2,61.4,2,,2,,2
1344.0,2,2.5142,2,34.4677,2,12.2,2,61.4,2,,2,,2
1345.0,2,2.5127,2,34.468,2,12.2,2,61.4,2,,2,,2
1346.1,2,2.5106,2,34.4682,2,12.2,2,61.4,2,,2,,2
1346.8,2,2.5105,2,34.4683,2,12.2,2,61.4,2,,2,,2
1348.3,2,2.5081,2,34.469,2,12.3,2,61.5,2,,2,,2
1349.0,2,2.504,2,34.4698,2,12.3,2,61.5,2,,2,,2
1350.0,2,2.5029,2,34.47,2,12.2,2,61.5,2,,2,,2
1351.0,2,2.5022,2,34.4702,2,12.3,2,61.4,2,,2,,2
1352.0,2,2.5017,2,34.4702,2,12.2,2,61.4,2,,2,,2
1353.0,2,2.5007,2,34.4707,2,12.3,2,61.4,2,,2,,2
1354.0,2,2.4994,2,34.4706,2,12.3,2,61.4,2,,2,,2
1355.0,2,2.4983,2,34.4706,2,12.3,2,61.4,2,,2,,2
1356.0,2,2.4965,2,34.4712,2,12.4,2,61.4,2,,2,,2
1356.9,2,2.4964,2,34.4712,2,12.4,2,61.5,2,,2,,2
1358.0,2,2.4957,2,34.4714,2,12.4,2,61.5,2,,2,,2
1359.0,2,2.494,2,34.4718,2,12.4,2,61.5,2,,2,,2
1360.0,2,2.4922,2,34.4723,2,12.4,2,61.4,2,,2,,2
1361.0,2,2.4912,2,34.4722,2,12.4,2,61.5,2,,2,,2
1362.0,2,2.4889,2,34.4729,2,12.4,2,61.4,2,,2,,2
1363.0,2,2.4882,2,34.4735,2,12.5,2,61.4,2,,2,,2
1364.0,2,2.487,2,34.4732,2,12.5,2,61.4,2,,2,,2
1365.0,2,2.485,2,34.4737,2,12.5,2,61.4,2,,2,,2
1365.7,2,2.4843,2,34.474000000000004,2,12.5,2,61.4,2,,2,,2
1367.2,2,2.4839,2,34.4745,2,12.7,2,61.4,2,,2,,2
1368.0,2,2.4834,2,34.4742,2,12.6,2,61.4,2,,2,,2
1369.0,2,2.4835,2,34.4746,2,12.6,2,61.4,2,,2,,2
1370.0,2,2.483,2,34.4743,2,12.7,2,61.4,2,,2,,2
1371.0,2,2.483,2,34.4745,2,12.7,2,61.4,2,,2,,2
1372.0,2,2.4822,2,34.4743,2,12.7,2,61.4,2,,2,,2
1373.1,2,2.4806,2,34.4745,2,12.7,2,61.4,2,,2,,2
1373.8,2,2.4798,2,34.4748,2,12.7,2,61.4,2,,2,,2
1375.3,2,2.4797,2,34.4749,2,12.8,2,61.4,2,,2,,2
1376.0,2,2.4786,2,34.4752,2,12.8,2,61.4,2,,2,,2
1377.0,2,2.4777,2,34.4754,2,12.8,2,61.4,2,,2,,2
1377.9,2,2.476,2,34.4757,2,12.8,2,61.4,2,,2,,2
1378.9,2,2.4752,2,34.476,2,12.8,2,61.4,2,,2,,2
1380.0,2,2.4741,2,34.4761,2,12.8,2,61.4,2,,2,,2
1381.0,2,2.4736,2,34.4766,2,12.8,2,61.4,2,,2,,2
1382.0,2,2.4732,2,34.4766,2,12.9,2,61.4,2,,2,,2
1383.1,2,2.4731,2,34.4762,2,12.8,2,61.4,2,,2,,2
1384.0,2,2.4724,2,34.4763,2,12.9,2,61.4,2,,2,,2
1385.0,2,2.4726,2,34.4771,2,12.9,2,61.4,2,,2,,2
1386.0,2,2.4727,2,34.4765,2,13.0,2,61.5,2,,2,,2
1387.0,2,2.4719,2,34.4772,2,12.9,2,61.4,2,,2,,2
1388.0,2,2.4718,2,34.4771,2,12.9,2,61.4,2,,2,,2
1389.0,2,2.4714,2,34.4773,2,12.9,2,61.4,2,,2,,2
1390.0,2,2.4709,2,34.477,2,13.1,2,61.4,2,,2,,2
1391.1,2,2.4668,2,34.4777,2,13.0,2,61.4,2,,2,,2
1392.1,2,2.4652,2,34.4782,2,13.0,2,61.4,2,,2,,2
1393.0,2,2.4651,2,34.478,2,13.0,2,61.4,2,,2,,2
1394.0,2,2.4649,2,34.4781,2,13.1,2,61.4,2,,2,,2
1395.0,2,2.4616,2,34.4788,2,13.1,2,61.4,2,,2,,2
1396.0,2,2.4596,2,34.4792,2,13.1,2,61.4,2,,2,,2
1397.0,2,2.4541,2,34.4805,2,13.2,2,61.4,2,,2,,2
1398.1,2,2.4531,2,34.4805,2,13.2,2,61.4,2,,2,,2
1398.9,2,2.4525,2,34.4806,2,13.3,2,61.4,2,,2,,2
1400.0,2,2.4509,2,34.4812,2,13.3,2,61.4,2,,2,,2
1401.0,2,2.4492,2,34.4816,2,13.4,2,61.4,2,,2,,2
1402.0,2,2.448,2,34.4816,2,13.4,2,61.4,2,,2,,2
1403.0,2,2.4457,2,34.482,2,13.4,2,61.2,2,,2,,2
1404.0,2,2.4446,2,34.4826,2,13.4,2,61.2,2,,2,,2
1405.0,2,2.4441,2,34.4827,2,13.4,2,61.3,2,,2,,2
1406.0,2,2.4438,2,34.4823,2,13.5,2,61.4,2,,2,,2
1407.0,2,2.4437,2,34.4824,2,13.5,2,61.4,2,,2,,2
1407.9,2,2.4434,2,34.4824,2,13.6,2,61.4,2,,2,,2
1408.9,2,2.443,2,34.483000000000004,2,13.7,2,61.4,2,,2,,2
1410.0,2,2.4425,2,34.4826,2,13.7,2,61.4,2,,2,,2
1411.0,2,2.4399,2,34.4835,2,13.6,2,61.5,2,,2,,2
1412.0,2,2.439,2,34.4837,2,13.8,2,61.4,2,,2,,2
1413.0,2,2.4376,2,34.484,2,13.9,2,61.4,2,,2,,2
1414.0,2,2.4368,2,34.484,2,13.8,2,61.5,2,,2,,2
1415.0,2,2.4358,2,34.4842,2,13.9,2,61.5,2,,2,,2
1416.0,2,2.4342,2,34.4846,2,13.9,2,61.5,2,,2,,2
1417.0,2,2.4330000000000003,2,34.4847,2,13.9,2,61.4,2,,2,,2
1418.0,2,2.4325,2,34.4846,2,14.0,2,61.5,2,,2,,2
1418.9,2,2.4314,2,34.4851,2,14.2,2,61.5,2,,2,,2
1420.0,2,2.4311,2,34.4854,2,14.2,2,61.5,2,,2,,2
1421.0,2,2.4311,2,34.4851,2,14.2,2,61.5,2,,2,,2
1422.0,2,2.431,2,34.4853,2,14.2,2,61.5,2,,2,,2
1422.9,2,2.4311,2,34.4855,2,14.3,2,61.4,2,,2,,2
1424.0,2,2.4311,2,34.4855,2,14.2,2,61.4,2,,2,,2
1425.0,2,2.4309,2,34.4856,2,14.3,2,61.5,2,,2,,2
1426.0,2,2.4301,2,34.4854,2,14.2,2,61.4,2,,2,,2
1427.0,2,2.4286,2,34.4857,2,14.3,2,61.4,2,,2,,2
1427.6,2,2.4257,2,34.4863,2,14.3,2,61.4,2,,2,,2
1429.0,2,2.4226,2,34.4871,2,14.4,2,61.5,2,,2,,2
1430.0,2,2.4199,2,34.4877,2,14.4,2,61.5,2,,2,,2
1431.0,2,2.417,2,34.4884,2,14.4,2,61.4,2,,2,,2
1432.0,2,2.4158,2,34.4889,2,14.5,2,61.4,2,,2,,2
1433.0,2,2.4146,2,34.4883,2,14.6,2,61.4,2,,2,,2
1434.0,2,2.4095,2,34.4896,2,14.6,2,61.4,2,,2,,2
1435.0,2,2.4055,2,34.4905,2,14.6,2,61.4,2,,2,,2
1435.5,2,2.4052,2,34.4907,2,14.7,2,61.4,2,,2,,2
1437.1,2,2.4053,2,34.4907,2,14.9,2,61.5,2,,2,,2
1437.9,2,2.4052,2,34.4907,2,14.9,2,61.5,2,,2,,2
1439.0,2,2.4049,2,34.4907,2,14.9,2,61.5,2,,2,,2
1440.0,2,2.4044,2,34.4911,2,15.0,2,61.5,2,,2,,2
1441.0,2,2.4042,2,34.4912,2,15.0,2,61.5,2,,2,,2
1442.0,2,2.404,2,34.4909,2,15.0,2,61.5,2,,2,,2
1443.1,2,2.4024,2,34.4911,2,15.0,2,61.5,2,,2,,2
1444.5,2,2.4011,2,34.4916,2,15.2,2,61.5,2,,2,,2
1445.0,2,2.3982,2,34.4922,2,15.2,2,61.5,2,,2,,2
1446.0,2,2.396,2,34.4928,2,15.2,2,61.5,2,,2,,2
1447.0,2,2.3949,2,34.4928,2,15.3,2,61.5,2,,2,,2
1448.1,2,2.3927,2,34.4933,2,15.2,2,61.5,2,,2,,2
1449.0,2,2.392,2,34.4934,2,15.3,2,61.5,2,,2,,2
1450.0,2,2.3918,2,34.4934,2,15.4,2,61.5,2,,2,,2
1451.0,2,2.3917,2,34.4935,2,15.5,2,61.5,2,,2,,2
1452.0,2,2.3915,2,34.4935,2,15.5,2,61.5,2,,2,,2
1453.0,2,2.3913,2,34.4939,2,15.6,2,61.4,2,,2,,2
1454.0,2,2.3911,2,34.4938,2,15.6,2,61.5,2,,2,,2
1455.0,2,2.3906,2,34.4941,2,15.5,2,61.4,2,,2,,2
1456.0,2,2.3898,2,34.4943,2,15.6,2,61.5,2,,2,,2
1457.0,2,2.3890000000000002,2,34.494,2,15.6,2,61.5,2,,2,,2
1457.9,2,2.3879,2,34.4946,2,15.6,2,61.5,2,,2,,2
1459.1,2,2.3873,2,34.4946,2,15.7,2,61.5,2,,2,,2
1460.0,2,2.3872,2,34.4945,2,15.7,2,61.5,2,,2,,2
1460.9,2,2.3865,2,34.4951,2,15.7,2,61.4,2,,2,,2
1462.0,2,2.386,2,34.495,2,15.7,2,61.5,2,,2,,2
1463.0,2,2.3859,2,34.4948,2,15.7,2,61.5,2,,2,,2
1464.0,2,2.3856,2,34.4952,2,15.7,2,61.4,2,,2,,2
1465.0,2,2.384,2,34.4956,2,15.7,2,61.5,2,,2,,2
1466.0,2,2.3828,2,34.4958,2,15.7,2,61.4,2,,2,,2
1467.2,2,2.3823,2,34.4958,2,15.7,2,61.4,2,,2,,2
1467.9,2,2.3807,2,34.4963,2,15.9,2,61.5,2,,2,,2
1469.0,2,2.3793,2,34.4966,2,15.9,2,61.5,2,,2,,2
1470.0,2,2.3789,2,34.4966,2,15.9,2,61.5,2,,2,,2
1471.0,2,2.3786,2,34.4968,2,15.9,2,61.5,2,,2,,2
1472.0,2,2.3784,2,34.4972,2,15.9,2,61.5,2,,2,,2
1473.0,2,2.3783,2,34.4968,2,15.9,2,61.5,2,,2,,2
1474.0,2,2.3779,2,34.497,2,15.9,2,61.4,2,,2,,2
1475.0,2,2.377,2,34.4972,2,15.9,2,61.2,2,,2,,2
1475.9,2,2.3758,2,34.4973,2,15.9,2,61.4,2,,2,,2
1477.0,2,2.3742,2,34.4975,2,16.0,2,61.5,2,,2,,2
1478.0,2,2.3734,2,34.4979,2,16.1,2,61.5,2,,2,,2
1479.0,2,2.3731,2,34.498000000000005,2,16.1,2,61.5,2,,2,,2
1480.0,2,2.3723,2,34.4981,2,16.1,2,61.4,2,,2,,2
1481.0,2,2.3715,2,34.4983,2,16.2,2,61.4,2,,2,,2
1482.0,2,2.3702,2,34.4987,2,16.2,2,61.4,2,,2,,2
1483.0,2,2.3689,2,34.4992,2,16.2,2,61.5,2,,2,,2
1484.1,2,2.367,2,34.4994,2,16.2,2,61.5,2,,2,,2
1484.9,2,2.3663,2,34.4993,2,16.4,2,61.5,2,,2,,2
1486.0,2,2.3653,2,34.5,2,16.4,2,61.5,2,,2,,2
1487.0,2,2.3645,2,34.5,2,16.5,2,61.5,2,,2,,2
1488.0,2,2.3637,2,34.5,2,16.4,2,61.5,2,,2,,2
1489.1,2,2.3613,2,34.5004,2,16.5,2,61.5,2,,2,,2
1489.8,2,2.3604,2,34.5009,2,16.6,2,61.5,2,,2,,2
1491.2,2,2.3605,2,34.5007,2,16.6,2,61.5,2,,2,,2
1492.0,2,2.3598,2,34.5007,2,16.7,2,61.5,2,,2,,2
1493.0,2,2.3592,2,34.5009,2,16.7,2,61.5,2,,2,,2
1494.0,2,2.3578,2,34.5015,2,16.7,2,61.5,2,,2,,2
1495.1,2,2.3572,2,34.5014,2,16.8,2,61.4,2,,2,,2
1496.0,2,2.3563,2,34.5014,2,16.8,2,61.5,2,,2,,2
1497.0,2,2.3543,2,34.5019,2,16.9,2,61.5,2,,2,,2
1498.0,2,2.3536,2,34.5019,2,16.9,2,61.5,2,,2,,2
1499.0,2,2.3531,2,34.5021,2,16.9,2,61.5,2,,2,,2
1500.0,2,2.3526,2,34.5021,2,17.0,2,61.4,2,,2,,2
1501.0,2,2.3517,2,34.5024,2,17.0,2,61.5,2,,2,,2
1502.0,2,2.351,2,34.5025,2,17.1,2,61.4,2,,2,,2
1503.0,2,2.3504,2,34.5027,2,17.1,2,61.5,2,,2,,2
1504.0,2,2.3483,2,34.5032,2,17.1,2,61.5,2,,2,,2
1505.0,2,2.3474,2,34.5033,2,17.2,2,61.5,2,,2,,2
1505.9,2,2.347,2,34.5033,2,17.2,2,61.5,2,,2,,2
1507.3,2,2.3458,2,34.5036,2,17.4,2,61.5,2,,2,,2
1508.0,2,2.3447,2,34.5041,2,17.4,2,61.5,2,,2,,2
1509.0,2,2.3439,2,34.504,2,17.4,2,61.4,2,,2,,2
1510.0,2,2.3429,2,34.5047,2,17.5,2,61.5,2,,2,,2
1511.0,2,2.3424,2,34.5044,2,17.5,2,61.5,2,,2,,2
1512.0,2,2.3411,2,34.5044,2,17.5,2,61.5,2,,2,,2
1513.0,2,2.3401,2,34.505,2,17.6,2,61.5,2,,2,,2
1514.0,2,2.3394,2,34.5052,2,17.6,2,61.5,2,,2,,2
1515.0,2,2.3383,2,34.5051,2,17.7,2,61.5,2,,2,,2
1516.0,2,2.335,2,34.506,2,17.7,2,61.4,2,,2,,2
1516.8,2,2.3345,2,34.5058,2,17.9,2,61.5,2,,2,,2
1518.0,2,2.333,2,34.5063,2,18.0,2,61.5,2,,2,,2
1519.0,2,2.3322,2,34.5066,2,18.0,2,61.5,2,,2,,2
1520.0,2,2.3312,2,34.5071,2,18.1,2,61.5,2,,2,,2
1521.0,2,2.3297,2,34.5071,2,18.1,2,61.5,2,,2,,2
1521.9,2,2.3284,2,34.5074,2,18.0,2,61.5,2,,2,,2
1523.0,2,2.3277,2,34.5077,2,18.1,2,61.4,2,,2,,2
1524.1,2,2.3273,2,34.5077,2,18.1,2,61.4,2,,2,,2
1525.0,2,2.3271,2,34.5075,2,18.2,2,61.4,2,,2,,2
1526.0,2,2.3266,2,34.5074,2,18.3,2,61.4,2,,2,,2
1527.0,2,2.3255,2,34.5082,2,18.3,2,61.5,2,,2,,2
1528.0,2,2.3248,2,34.5079,2,18.4,2,61.4,2,,2,,2
1529.0,2,2.3238,2,34.5085,2,18.5,2,61.4,2,,2,,2
1530.0,2,2.3223,2,34.5085,2,18.5,2,61.5,2,,2,,2
1531.0,2,2.3214,2,34.5086,2,18.6,2,61.5,2,,2,,2
1532.0,2,2.3207,2,34.5091,2,18.6,2,61.5,2,,2,,2
1533.0,2,2.3203,2,34.5094,2,18.6,2,61.4,2,,2,,2
1534.0,2,2.3191,2,34.5094,2,18.7,2,61.4,2,,2,,2
1535.0,2,2.3187,2,34.5093,2,18.6,2,61.4,2,,2,,2
1536.1,2,2.3176,2,34.5097,2,18.7,2,61.4,2,,2,,2
1537.1,2,2.316,2,34.5097,2,18.8,2,61.4,2,,2,,2
1538.0,2,2.3154,2,34.5099,2,18.8,2,61.4,2,,2,,2
1539.0,2,2.3151,2,34.5101,2,18.9,2,61.5,2,,2,,2
1540.0,2,2.3144,2,34.5104,2,19.0,2,61.5,2,,2,,2
1541.0,2,2.3138,2,34.5101,2,19.0,2,61.5,2,,2,,2
1542.0,2,2.3118,2,34.5107,2,19.0,2,61.4,2,,2,,2
1543.0,2,2.3097,2,34.5109,2,19.1,2,61.5,2,,2,,2
1544.1,2,2.3087,2,34.510999999999996,2,19.2,2,61.5,2,,2,,2
1545.0,2,2.3077,2,34.5114,2,19.2,2,61.5,2,,2,,2
1546.0,2,2.3071,2,34.5116,2,19.3,2,61.5,2,,2,,2
1547.0,2,2.3063,2,34.5117,2,19.3,2,61.5,2,,2,,2
1548.0,2,2.3059,2,34.5119,2,19.4,2,61.5,2,,2,,2
1549.0,2,2.3055,2,34.512,2,19.4,2,61.4,2,,2,,2
1550.0,2,2.3041,2,34.5119,2,19.4,2,61.5,2,,2,,2
1551.0,2,2.301,2,34.5126,2,19.5,2,61.5,2,,2,,2
1552.0,2,2.2998,2,34.5128,2,19.6,2,61.5,2,,2,,2
1553.0,2,2.2995,2,34.513000000000005,2,19.6,2,61.5,2,,2,,2
1554.0,2,2.2987,2,34.5131,2,19.7,2,61.5,2,,2,,2
1554.9,2,2.2976,2,34.5134,2,19.6,2,61.5,2,,2,,2
1556.0,2,2.296,2,34.5137,2,19.8,2,61.5,2,,2,,2
1557.0,2,2.2955,2,34.5139,2,19.8,2,61.5,2,,2,,2
1558.0,2,2.2951,2,34.5139,2,19.9,2,61.5,2,,2,,2
1559.0,2,2.2934,2,34.5142,2,19.9,2,61.5,2,,2,,2
1560.0,2,2.2923,2,34.5143,2,19.9,2,61.5,2,,2,,2
1561.0,2,2.2912,2,34.5145,2,20.0,2,61.5,2,,2,,2
1562.0,2,2.2906,2,34.5148,2,20.1,2,61.5,2,,2,,2
1563.0,2,2.2904,2,34.5151,2,20.1,2,61.5,2,,2,,2
1564.0,2,2.2904,2,34.5151,2,20.1,2,61.5,2,,2,,2
1565.0,2,2.2905,2,34.5153,2,20.2,2,61.5,2,,2,,2
1566.0,2,2.2904,2,34.5149,2,20.2,2,61.5,2,,2,,2
1567.0,2,2.2898,2,34.5152,2,20.2,2,61.5,2,,2,,2
1568.0,2,2.2880000000000003,2,34.5156,2,20.3,2,61.5,2,,2,,2
1569.0,2,2.2872,2,34.5154,2,20.3,2,61.5,2,,2,,2
1569.8,2,2.287,2,34.5158,2,20.4,2,61.5,2,,2,,2
1571.0,2,2.2872,2,34.5157,2,20.5,2,61.5,2,,2,,2
1572.0,2,2.2857,2,34.5158,2,20.6,2,61.4,2,,2,,2
1573.1,2,2.2844,2,34.5168,2,20.6,2,61.5,2,,2,,2
1574.1,2,2.2839,2,34.5162,2,20.6,2,61.4,2,,2,,2
1575.0,2,2.283,2,34.5168,2,20.6,2,61.4,2,,2,,2
1576.0,2,2.2821,2,34.516999999999996,2,20.6,2,61.5,2,,2,,2
1577.0,2,2.2819,2,34.5168,2,20.7,2,61.5,2,,2,,2
1578.1,2,2.2803,2,34.5168,2,20.7,2,61.4,2,,2,,2
1579.0,2,2.2792,2,34.5171,2,20.9,2,61.4,2,,2,,2
1580.0,2,2.2754,2,34.5178,2,21.0,2,61.3,2,,2,,2
1581.0,2,2.2729,2,34.5184,2,21.1,2,61.4,2,,2,,2
1582.0,2,2.2729,2,34.5183,2,21.2,2,61.4,2,,2,,2
1583.0,2,2.2729,2,34.5185,2,21.2,2,61.3,2,,2,,2
1584.0,2,2.2721,2,34.5185,2,21.2,2,61.4,2,,2,,2
1585.0,2,2.2709,2,34.5186,2,21.3,2,61.4,2,,2,,2
1586.0,2,2.2695,2,34.519,2,21.4,2,61.3,2,,2,,2
1587.0,2,2.2695,2,34.5189,2,21.5,2,61.4,2,,2,,2
1588.0,2,2.2678,2,34.5197,2,21.5,2,61.4,2,,2,,2
1589.0,2,2.2673,2,34.5197,2,21.5,2,61.4,2,,2,,2
1590.0,2,2.267,2,34.52,2,21.6,2,61.5,2,,2,,2
1591.0,2,2.2671,2,34.5197,2,21.6,2,61.5,2,,2,,2
1592.0,2,2.2662,2,34.5198,2,21.6,2,61.4,2,,2,,2
1593.0,2,2.2653,2,34.5201,2,21.7,2,61.4,2,,2,,2
1594.0,2,2.2641,2,34.5203,2,21.8,2,61.5,2,,2,,2
1595.0,2,2.263,2,34.5204,2,21.8,2,61.5,2,,2,,2
1596.0,2,2.2606,2,34.5207,2,21.8,2,61.5,2,,2,,2
1596.9,2,2.2597,2,34.521,2,21.9,2,61.5,2,,2,,2
1598.0,2,2.26,2,34.5211,2,22.2,2,61.5,2,,2,,2
1599.0,2,2.2578,2,34.5211,2,22.2,2,61.5,2,,2,,2
1600.0,2,2.256,2,34.5219,2,22.2,2,61.5,2,,2,,2
1601.0,2,2.2524,2,34.5224,2,22.3,2,61.5,2,,2,,2
1602.0,2,2.2508,2,34.5228,2,22.4,2,61.5,2,,2,,2
1603.0,2,2.2503,2,34.523,2,22.4,2,61.5,2,,2,,2
1604.0,2,2.2497,2,34.5229,2,22.5,2,61.4,2,,2,,2
1605.0,2,2.2476,2,34.5233,2,22.6,2,61.4,2,,2,,2
1606.1,2,2.245,2,34.5237,2,22.7,2,61.5,2,,2,,2
1606.9,2,2.244,2,34.524,2,23.0,2,61.5,2,,2,,2
1608.0,2,2.2422,2,34.5242,2,23.0,2,61.5,2,,2,,2
1609.0,2,2.2406,2,34.5247,2,23.1,2,61.5,2,,2,,2
1610.0,2,2.239,2,34.525,2,23.1,2,61.5,2,,2,,2
1611.0,2,2.2386,2,34.5254,2,23.2,2,61.5,2,,2,,2
1612.0,2,2.238,2,34.5251,2,23.2,2,61.5,2,,2,,2
1613.1,2,2.2375,2,34.5254,2,23.3,2,61.5,2,,2,,2
1613.8,2,2.2374,2,34.5251,2,23.4,2,61.5,2,,2,,2
1615.0,2,2.2367,2,34.5257,2,23.7,2,61.5,2,,2,,2
1616.0,2,2.2363,2,34.5256,2,23.7,2,61.5,2,,2,,2
1616.9,2,2.2359999999999998,2,34.5261,2,23.7,2,61.5,2,,2,,2
1618.0,2,2.2356,2,34.5257,2,23.7,2,61.5,2,,2,,2
1619.0,2,2.2355,2,34.5262,2,23.7,2,61.5,2,,2,,2
1620.0,2,2.2351,2,34.525999999999996,2,23.7,2,61.5,2,,2,,2
1621.0,2,2.2346,2,34.5262,2,23.7,2,61.5,2,,2,,2
1622.0,2,2.2343,2,34.5262,2,23.9,2,61.5,2,,2,,2
1623.1,2,2.2326,2,34.5264,2,23.9,2,61.4,2,,2,,2
1624.0,2,2.2313,2,34.5268,2,24.0,2,61.5,2,,2,,2
1624.9,2,2.23,2,34.5269,2,24.1,2,61.5,2,,2,,2
1626.0,2,2.2292,2,34.5274,2,24.1,2,61.4,2,,2,,2
1627.0,2,2.2288,2,34.5277,2,24.2,2,61.4,2,,2,,2
1628.0,2,2.2287,2,34.5273,2,24.2,2,61.5,2,,2,,2
1629.0,2,2.2285,2,34.5274,2,24.2,2,61.5,2,,2,,2
1630.1,2,2.2283,2,34.5276,2,24.2,2,61.4,2,,2,,2
1631.0,2,2.2276,2,34.5273,2,24.3,2,61.4,2,,2,,2
1632.1,2,2.2274,2,34.5275,2,24.4,2,61.3,2,,2,,2
1633.0,2,2.227,2,34.5275,2,24.4,2,61.3,2,,2,,2
1633.9,2,2.2262,2,34.5279,2,24.5,2,61.4,2,,2,,2
1635.0,2,2.2262,2,34.5279,2,24.5,2,61.4,2,,2,,2
1636.0,2,2.2259,2,34.5279,2,24.5,2,61.5,2,,2,,2
1637.0,2,2.2254,2,34.5281,2,24.5,2,61.5,2,,2,,2
1638.0,2,2.2252,2,34.5281,2,24.6,2,61.5,2,,2,,2
1639.0,2,2.225,2,34.5284,2,24.7,2,61.5,2,,2,,2
1640.1,2,2.2242,2,34.5282,2,24.7,2,61.4,2,,2,,2
1641.0,2,2.2239,2,34.5282,2,24.7,2,61.4,2,,2,,2
1641.6,2,2.2239,2,34.5285,2,24.8,2,61.5,2,,2,,2
1643.0,2,2.2233,2,34.5285,2,24.8,2,61.5,2,,2,,2
1644.0,2,2.2224,2,34.5287,2,24.8,2,61.5,2,,2,,2
1645.0,2,2.2217,2,34.5289,2,24.9,2,61.5,2,,2,,2
1646.0,2,2.2209,2,34.5289,2,24.8,2,61.5,2,,2,,2
1647.0,2,2.2201,2,34.529,2,24.8,2,61.5,2,,2,,2
1648.0,2,2.2187,2,34.5294,2,24.9,2,61.5,2,,2,,2
1649.0,2,2.2183,2,34.5294,2,24.9,2,61.5,2,,2,,2
1650.1,2,2.2174,2,34.5292,2,25.1,2,61.5,2,,2,,2
1650.9,2,2.2163,2,34.5299,2,25.2,2,61.5,2,,2,,2
1652.0,2,2.2157,2,34.53,2,25.2,2,61.5,2,,2,,2
1653.0,2,2.215,2,34.53,2,25.2,2,61.5,2,,2,,2
1654.0,2,2.2146,2,34.5303,2,25.3,2,61.5,2,,2,,2
1655.0,2,2.2133,2,34.5305,2,25.4,2,61.5,2,,2,,2
1656.0,2,2.2125,2,34.5303,2,25.4,2,61.5,2,,2,,2
1657.0,2,2.2116,2,34.5307,2,25.5,2,61.5,2,,2,,2
1657.9,2,2.21,2,34.5309,2,25.5,2,61.5,2,,2,,2
1659.3,2,2.2079,2,34.5312,2,25.6,2,61.5,2,,2,,2
1660.0,2,2.2075,2,34.5315,2,25.7,2,61.5,2,,2,,2
1661.0,2,2.2066,2,34.5316,2,25.7,2,61.5,2,,2,,2
1662.0,2,2.2062,2,34.5319,2,25.8,2,61.5,2,,2,,2
1663.0,2,2.2059,2,34.5319,2,25.8,2,61.5,2,,2,,2
1664.0,2,2.2055,2,34.5319,2,25.9,2,61.5,2,,2,,2
1665.0,2,2.2044,2,34.5322,2,25.9,2,61.5,2,,2,,2
1666.0,2,2.2032,2,34.532,2,26.0,2,61.5,2,,2,,2
1667.0,2,2.201,2,34.5329,2,26.0,2,61.5,2,,2,,2
1668.0,2,2.1986,2,34.5331,2,26.1,2,61.5,2,,2,,2
1669.1,2,2.1981,2,34.5332,2,26.2,2,61.5,2,,2,,2
1670.1,2,2.1972,2,34.5334,2,26.3,2,61.5,2,,2,,2
1670.9,2,2.1961,2,34.5335,2,26.5,2,61.5,2,,2,,2
1672.0,2,2.1937,2,34.5341,2,26.6,2,61.5,2,,2,,2
1673.0,2,2.1932,2,34.5344,2,26.6,2,61.5,2,,2,,2
1674.0,2,2.1926,2,34.5345,2,26.7,2,61.5,2,,2,,2
1675.1,2,2.1913,2,34.5347,2,26.7,2,61.5,2,,2,,2
1676.0,2,2.1902,2,34.5347,2,26.8,2,61.3,2,,2,,2
1677.0,2,2.1899,2,34.5349,2,26.8,2,61.5,2,,2,,2
1678.0,2,2.1888,2,34.5352,2,26.8,2,61.5,2,,2,,2
1679.0,2,2.1882,2,34.5352,2,26.9,2,61.5,2,,2,,2
1680.0,2,2.1869,2,34.5354,2,27.0,2,61.4,2,,2,,2
1681.1,2,2.1858,2,34.5355,2,27.0,2,61.4,2,,2,,2
1682.2,2,2.185,2,34.5354,2,27.2,2,61.4,2,,2,,2
1683.0,2,2.1847,2,34.5359,2,27.4,2,61.5,2,,2,,2
1684.0,2,2.1845,2,34.5358,2,27.4,2,61.5,2,,2,,2
1685.0,2,2.1844,2,34.5359,2,27.4,2,61.5,2,,2,,2
1686.0,2,2.1842,2,34.536,2,27.5,2,61.5,2,,2,,2
1687.0,2,2.1843,2,34.536,2,27.5,2,61.5,2,,2,,2
1688.0,2,2.1843,2,34.5359,2,27.5,2,61.5,2,,2,,2
1689.0,2,2.1839,2,34.5361,2,27.5,2,61.4,2,,2,,2
1690.0,2,2.1836,2,34.5365,2,27.5,2,61.4,2,,2,,2
1691.0,2,2.1831,2,34.5362,2,27.6,2,61.4,2,,2,,2
1692.0,2,2.1824,2,34.5363,2,27.7,2,61.4,2,,2,,2
1693.1,2,2.1817,2,34.5363,2,27.7,2,61.5,2,,2,,2
1693.9,2,2.1815,2,34.5363,2,27.8,2,61.5,2,,2,,2
1695.0,2,2.1807,2,34.537,2,27.9,2,61.4,2,,2,,2
1696.0,2,2.1802,2,34.5369,2,27.9,2,61.4,2,,2,,2
1697.0,2,2.1795,2,34.5372,2,27.9,2,61.5,2,,2,,2
1698.0,2,2.1787,2,34.5375,2,28.0,2,61.5,2,,2,,2
1699.0,2,2.1785,2,34.5373,2,27.9,2,61.5,2,,2,,2
1700.0,2,2.1781,2,34.5375,2,28.0,2,61.5,2,,2,,2
1701.0,2,2.1775,2,34.5372,2,28.1,2,61.5,2,,2,,2
1701.7,2,2.1774,2,34.5371,2,28.0,2,61.5,2,,2,,2
1703.4,2,2.176,2,34.5372,2,28.3,2,61.5,2,,2,,2
1704.0,2,2.1748,2,34.538000000000004,2,28.2,2,61.5,2,,2,,2
1705.0,2,2.1734,2,34.5382,2,28.3,2,61.5,2,,2,,2
1706.0,2,2.1726,2,34.5385,2,28.3,2,61.5,2,,2,,2
1707.0,2,2.1722,2,34.5385,2,28.4,2,61.5,2,,2,,2
1708.0,2,2.1719,2,34.5385,2,28.3,2,61.5,2,,2,,2
1709.0,2,2.1716,2,34.5385,2,28.4,2,61.5,2,,2,,2
1710.0,2,2.1711,2,34.5385,2,28.5,2,61.5,2,,2,,2
1710.7,2,2.1707,2,34.5384,2,28.5,2,61.5,2,,2,,2
1712.0,2,2.1696,2,34.5388,2,28.7,2,61.5,2,,2,,2
1713.0,2,2.1685,2,34.5393,2,28.8,2,61.5,2,,2,,2
1714.0,2,2.1675,2,34.5399,2,28.8,2,61.5,2,,2,,2
1715.0,2,2.1659,2,34.5397,2,28.8,2,61.5,2,,2,,2
1716.0,2,2.1644,2,34.5405,2,28.8,2,61.5,2,,2,,2
1717.0,2,2.1638,2,34.5404,2,28.9,2,61.5,2,,2,,2
1718.1,2,2.1632,2,34.54,2,28.9,2,61.5,2,,2,,2
1719.0,2,2.1632,2,34.5402,2,29.0,2,61.5,2,,2,,2
1719.9,2,2.1625,2,34.5401,2,29.1,2,61.4,2,,2,,2
1721.2,2,2.1607,2,34.5407,2,29.3,2,61.5,2,,2,,2
1722.0,2,2.1605,2,34.5405,2,29.3,2,61.5,2,,2,,2
1723.0,2,2.1601,2,34.541,2,29.4,2,61.5,2,,2,,2
1724.0,2,2.1587,2,34.541,2,29.4,2,61.5,2,,2,,2
1725.0,2,2.1572,2,34.5415,2,29.5,2,61.5,2,,2,,2
1726.0,2,2.1567,2,34.5418,2,29.5,2,61.4,2,,2,,2
1727.0,2,2.1558,2,34.5417,2,29.6,2,61.5,2,,2,,2
1728.0,2,2.1556,2,34.5422,2,29.6,2,61.5,2,,2,,2
1729.0,2,2.155,2,34.5417,2,29.6,2,61.5,2,,2,,2
1730.0,2,2.1532,2,34.5422,2,29.7,2,61.4,2,,2,,2
1731.0,2,2.1524,2,34.5423,2,29.7,2,61.4,2,,2,,2
1731.9,2,2.1516,2,34.5422,2,29.9,2,61.4,2,,2,,2
1732.9,2,2.1503,2,34.5427,2,30.1,2,61.5,2,,2,,2
1734.0,2,2.1479,2,34.5435,2,30.2,2,61.5,2,,2,,2
1735.0,2,2.1466,2,34.5431,2,30.2,2,61.5,2,,2,,2
1735.9,2,2.1456,2,34.544000000000004,2,30.3,2,61.5,2,,2,,2
1737.0,2,2.1445,2,34.5435,2,30.4,2,61.5,2,,2,,2
1738.0,2,2.1436,2,34.5439,2,30.4,2,61.5,2,,2,,2
1739.0,2,2.1403,2,34.5448,2,30.5,2,61.5,2,,2,,2
1740.0,2,2.1398,2,34.5448,2,30.5,2,61.5,2,,2,,2
1741.0,2,2.1362,2,34.545,2,30.6,2,61.5,2,,2,,2
1742.0,2,2.1333,2,34.5455,2,30.7,2,61.5,2,,2,,2
1743.0,2,2.1328,2,34.5458,2,30.8,2,61.4,2,,2,,2
1744.0,2,2.1328,2,34.5456,2,31.0,2,61.5,2,,2,,2
1745.0,2,2.1323,2,34.546,2,31.3,2,61.5,2,,2,,2
1746.0,2,2.1316,2,34.5462,2,31.4,2,61.5,2,,2,,2
1747.0,2,2.1307,2,34.5464,2,31.5,2,61.5,2,,2,,2
1748.0,2,2.1287,2,34.5464,2,31.5,2,61.5,2,,2,,2
1749.0,2,2.1268,2,34.5471,2,31.5,2,61.5,2,,2,,2
1750.0,2,2.1258,2,34.547,2,31.6,2,61.5,2,,2,,2
1751.0,2,2.1257,2,34.5471,2,31.8,2,61.5,2,,2,,2
1752.0,2,2.1245,2,34.5475,2,31.9,2,61.5,2,,2,,2
1753.0,2,2.1232,2,34.5475,2,32.0,2,61.5,2,,2,,2
1754.0,2,2.1221,2,34.5483,2,32.1,2,61.5,2,,2,,2
1755.0,2,2.1213,2,34.5481,2,32.2,2,61.5,2,,2,,2
1756.0,2,2.1196,2,34.5483,2,32.1,2,61.5,2,,2,,2
1757.0,2,2.1188,2,34.5488,2,32.3,2,61.5,2,,2,,2
1758.0,2,2.1177,2,34.5487,2,32.3,2,61.5,2,,2,,2
1759.1,2,2.1175,2,34.5487,2,32.5,2,61.5,2,,2,,2
1759.9,2,2.1172,2,34.5489,2,32.6,2,61.5,2,,2,,2
1761.0,2,2.1171,2,34.5491,2,32.6,2,61.5,2,,2,,2
1762.0,2,2.1138,2,34.5494,2,32.7,2,61.5,2,,2,,2
1763.0,2,2.1131,2,34.5499,2,32.8,2,61.5,2,,2,,2
1764.0,2,2.1131,2,34.5499,2,32.8,2,61.5,2,,2,,2
1765.1,2,2.1132,2,34.5496,2,32.8,2,61.5,2,,2,,2
1765.9,2,2.1132,2,34.5496,2,33.0,2,61.5,2,,2,,2
1767.0,2,2.1135,2,34.5499,2,33.2,2,61.5,2,,2,,2
1768.0,2,2.1132,2,34.5498,2,33.3,2,61.5,2,,2,,2
1769.0,2,2.1128,2,34.5503,2,33.3,2,61.5,2,,2,,2
1770.0,2,2.1113,2,34.5507,2,33.3,2,61.5,2,,2,,2
1771.0,2,2.1108,2,34.5503,2,33.3,2,61.5,2,,2,,2
1772.0,2,2.109,2,34.5508,2,33.3,2,61.5,2,,2,,2
1773.0,2,2.1074,2,34.5509,2,33.4,2,61.5,2,,2,,2
1774.0,2,2.1056,2,34.5515,2,33.5,2,61.5,2,,2,,2
1775.0,2,2.1054,2,34.551,2,33.6,2,61.4,2,,2,,2
1776.0,2,2.1052,2,34.5513,2,33.8,2,61.4,2,,2,,2
1777.0,2,2.1051,2,34.5513,2,33.8,2,61.5,2,,2,,2
1778.0,2,2.104,2,34.5514,2,33.9,2,61.5,2,,2,,2
1779.0,2,2.1027,2,34.5517,2,34.0,2,61.5,2,,2,,2
1780.0,2,2.102,2,34.5517,2,34.0,2,61.5,2,,2,,2
1781.0,2,2.0984,2,34.5521,2,34.1,2,61.5,2,,2,,2
1782.0,2,2.0966,2,34.553000000000004,2,34.1,2,61.5,2,,2,,2
1783.0,2,2.0966,2,34.553000000000004,2,34.2,2,61.5,2,,2,,2
1784.0,2,2.0961,2,34.553000000000004,2,34.2,2,61.4,2,,2,,2
1785.0,2,2.0949,2,34.5529,2,34.3,2,61.4,2,,2,,2
1786.0,2,2.094,2,34.5532,2,34.4,2,61.4,2,,2,,2
1787.1,2,2.0931,2,34.5532,2,34.5,2,61.4,2,,2,,2
1787.9,2,2.0924,2,34.5534,2,34.7,2,61.5,2,,2,,2
1788.9,2,2.0921,2,34.5536,2,34.9,2,61.5,2,,2,,2
1790.0,2,2.0919,2,34.5537,2,35.0,2,61.5,2,,2,,2
1791.0,2,2.0919,2,34.5538,2,35.0,2,61.5,2,,2,,2
1792.0,2,2.0919,2,34.554,2,35.1,2,61.5,2,,2,,2
1793.0,2,2.0904,2,34.5541,2,35.1,2,61.5,2,,2,,2
1794.0,2,2.0899,2,34.5541,2,35.1,2,61.5,2,,2,,2
1795.0,2,2.0895,2,34.5543,2,35.1,2,61.5,2,,2,,2
1796.0,2,2.0893,2,34.554,2,35.2,2,61.5,2,,2,,2
1797.0,2,2.0878,2,34.5546,2,35.2,2,61.5,2,,2,,2
1798.0,2,2.0869999999999997,2,34.5545,2,35.3,2,61.4,2,,2,,2
1799.1,2,2.0867,2,34.5544,2,35.4,2,61.5,2,,2,,2
1799.9,2,2.0855,2,34.5547,2,35.6,2,61.5,2,,2,,2
1801.0,2,2.0832,2,34.5553,2,35.7,2,61.5,2,,2,,2
1802.0,2,2.0819,2,34.5557,2,35.8,2,61.5,2,,2,,2
1803.0,2,2.0813,2,34.5559,2,35.8,2,61.5,2,,2,,2
1804.0,2,2.0808,2,34.5561,2,35.9,2,61.5,2,,2,,2
1805.0,2,2.0808,2,34.5561,2,35.9,2,61.5,2,,2,,2
1806.0,2,2.0785,2,34.5563,2,36.0,2,61.5,2,,2,,2
1807.0,2,2.0782,2,34.5565,2,36.0,2,61.5,2,,2,,2
1808.0,2,2.0779,2,34.5562,2,36.1,2,61.5,2,,2,,2
1809.0,2,2.0768,2,34.5564,2,36.1,2,61.5,2,,2,,2
1810.0,2,2.0761,2,34.5565,2,36.2,2,61.5,2,,2,,2
1811.0,2,2.075,2,34.5568,2,36.4,2,61.5,2,,2,,2
1812.0,2,2.0737,2,34.5569,2,36.4,2,61.5,2,,2,,2
1813.0,2,2.073,2,34.5571,2,36.6,2,61.5,2,,2,,2
1814.0,2,2.0724,2,34.5571,2,36.6,2,61.5,2,,2,,2
1815.0,2,2.0718,2,34.5573,2,36.8,2,61.5,2,,2,,2
1815.9,2,2.0714,2,34.5575,2,36.8,2,61.5,2,,2,,2
1817.0,2,2.0705,2,34.5578,2,36.9,2,61.5,2,,2,,2
1818.0,2,2.0692,2,34.5581,2,37.0,2,61.5,2,,2,,2
1819.0,2,2.0689,2,34.5583,2,37.0,2,61.5,2,,2,,2
1820.0,2,2.0682,2,34.5584,2,37.0,2,61.5,2,,2,,2
1821.0,2,2.0671,2,34.5588,2,37.1,2,61.5,2,,2,,2
1822.0,2,2.0658,2,34.559,2,37.1,2,61.5,2,,2,,2
1823.1,2,2.064,2,34.5592,2,37.3,2,61.5,2,,2,,2
1824.0,2,2.0626,2,34.5594,2,37.3,2,61.5,2,,2,,2
1825.0,2,2.0607,2,34.5598,2,37.4,2,61.5,2,,2,,2
1826.0,2,2.0593,2,34.56,2,37.6,2,61.5,2,,2,,2
1827.0,2,2.0581,2,34.5602,2,37.7,2,61.5,2,,2,,2
1828.0,2,2.0575,2,34.5605,2,37.8,2,61.5,2,,2,,2
1829.0,2,2.0574,2,34.5606,2,37.8,2,61.5,2,,2,,2
1830.0,2,2.0574,2,34.5606,2,37.9,2,61.5,2,,2,,2
1831.0,2,2.0571,2,34.5605,2,38.0,2,61.5,2,,2,,2
1832.0,2,2.0567,2,34.561,2,38.0,2,61.5,2,,2,,2
1833.0,2,2.0566,2,34.5607,2,38.1,2,61.5,2,,2,,2
1834.0,2,2.0565,2,34.561,2,38.1,2,61.5,2,,2,,2
1835.1,2,2.0559,2,34.5609,2,38.1,2,61.5,2,,2,,2
1835.8,2,2.0553,2,34.5608,2,38.3,2,61.5,2,,2,,2
1837.0,2,2.0528,2,34.5617,2,38.5,2,61.5,2,,2,,2
1837.9,2,2.0526,2,34.5619,2,38.6,2,61.5,2,,2,,2
1839.0,2,2.0518,2,34.5616,2,38.6,2,61.5,2,,2,,2
1840.0,2,2.0513,2,34.5621,2,38.6,2,61.5,2,,2,,2
1841.0,2,2.0508,2,34.5619,2,38.5,2,61.5,2,,2,,2
1842.0,2,2.0506,2,34.562,2,38.7,2,61.5,2,,2,,2
1843.0,2,2.0504,2,34.5617,2,38.7,2,61.5,2,,2,,2
1844.1,2,2.0499,2,34.562,2,38.8,2,61.5,2,,2,,2
1845.1,2,2.0493,2,34.5619,2,38.8,2,61.5,2,,2,,2
1845.7,2,2.0489,2,34.562,2,38.9,2,61.5,2,,2,,2
1847.0,2,2.0466,2,34.5627,2,39.2,2,61.5,2,,2,,2
1848.0,2,2.0459,2,34.563,2,39.2,2,61.5,2,,2,,2
1849.0,2,2.0455,2,34.5631,2,39.2,2,61.5,2,,2,,2
1850.0,2,2.0451,2,34.5633,2,39.2,2,61.5,2,,2,,2
1851.0,2,2.0446,2,34.5632,2,39.3,2,61.5,2,,2,,2
1852.0,2,2.0439,2,34.5634,2,39.4,2,61.5,2,,2,,2
1853.0,2,2.0418,2,34.5635,2,39.3,2,61.5,2,,2,,2
1854.1,2,2.0404,2,34.564,2,39.4,2,61.5,2,,2,,2
1855.0,2,2.04,2,34.5637,2,39.5,2,61.5,2,,2,,2
1855.8,2,2.0398,2,34.5639,2,39.6,2,61.5,2,,2,,2
1857.1,2,2.0388,2,34.5641,2,39.8,2,61.5,2,,2,,2
1858.0,2,2.0374,2,34.5646,2,39.9,2,61.5,2,,2,,2
1859.0,2,2.0366,2,34.5647,2,39.9,2,61.5,2,,2,,2
1860.0,2,2.0362,2,34.5648,2,40.0,2,61.5,2,,2,,2
1861.0,2,2.0361,2,34.5644,2,40.1,2,61.5,2,,2,,2
1862.0,2,2.0352,2,34.5651,2,40.1,2,61.5,2,,2,,2
1863.0,2,2.0336,2,34.5649,2,40.2,2,61.5,2,,2,,2
1864.0,2,2.0324,2,34.5654,2,40.2,2,61.5,2,,2,,2
1865.0,2,2.0318,2,34.5654,2,40.4,2,61.5,2,,2,,2
1866.0,2,2.0311,2,34.5656,2,40.4,2,61.5,2,,2,,2
1867.0,2,2.0307,2,34.5659,2,40.4,2,61.5,2,,2,,2
1868.0,2,2.0304,2,34.5657,2,40.5,2,61.5,2,,2,,2
1869.0,2,2.0303,2,34.5658,2,40.6,2,61.5,2,,2,,2
1870.1,2,2.0292,2,34.5658,2,40.7,2,61.5,2,,2,,2
1870.9,2,2.0283,2,34.5661,2,40.8,2,61.5,2,,2,,2
1872.0,2,2.0269999999999997,2,34.5663,2,41.0,2,61.5,2,,2,,2
1873.0,2,2.0269,2,34.5663,2,41.0,2,61.5,2,,2,,2
1874.0,2,2.0265,2,34.5666,2,41.1,2,61.5,2,,2,,2
1875.0,2,2.0253,2,34.567,2,41.0,2,61.5,2,,2,,2
1876.0,2,2.0243,2,34.5671,2,41.1,2,61.5,2,,2,,2
1877.0,2,2.0228,2,34.567,2,41.2,2,61.5,2,,2,,2
1878.0,2,2.0212,2,34.5678,2,41.1,2,61.5,2,,2,,2
1879.0,2,2.0202,2,34.5678,2,41.2,2,61.5,2,,2,,2
1880.0,2,2.0196,2,34.5679,2,41.3,2,61.5,2,,2,,2
1880.9,2,2.0198,2,34.5677,2,41.5,2,61.5,2,,2,,2
1882.0,2,2.0198,2,34.5681,2,41.8,2,61.5,2,,2,,2
1883.0,2,2.0199,2,34.5682,2,41.8,2,61.5,2,,2,,2
1884.0,2,2.02,2,34.5681,2,41.8,2,61.5,2,,2,,2
1885.0,2,2.0197,2,34.5678,2,41.7,2,61.5,2,,2,,2
1886.0,2,2.0193,2,34.568000000000005,2,41.8,2,61.5,2,,2,,2
1887.0,2,2.0185,2,34.5683,2,41.9,2,61.5,2,,2,,2
1888.1,2,2.0178,2,34.5683,2,41.9,2,61.5,2,,2,,2
1888.8,2,2.017,2,34.5684,2,42.0,2,61.4,2,,2,,2
1890.0,2,2.0165,2,34.5687,2,42.2,2,61.4,2,,2,,2
1891.0,2,2.0149,2,34.5686,2,42.2,2,61.5,2,,2,,2
1892.0,2,2.0140000000000002,2,34.5691,2,42.3,2,61.5,2,,2,,2
1893.0,2,2.0135,2,34.5693,2,42.3,2,61.5,2,,2,,2
1894.0,2,2.0124,2,34.5691,2,42.4,2,61.5,2,,2,,2
1895.1,2,2.0103,2,34.5698,2,42.4,2,61.5,2,,2,,2
1896.1,2,2.0095,2,34.5698,2,42.4,2,61.5,2,,2,,2
1897.1,2,2.0092,2,34.5697,2,42.6,2,61.5,2,,2,,2
1897.9,2,2.0084,2,34.57,2,42.9,2,61.5,2,,2,,2
1899.0,2,2.0068,2,34.5705,2,43.0,2,61.5,2,,2,,2
1900.0,2,2.0057,2,34.5705,2,43.1,2,61.5,2,,2,,2
1901.0,2,2.005,2,34.5706,2,43.1,2,61.5,2,,2,,2
1902.0,2,2.0043,2,34.5706,2,43.1,2,61.5,2,,2,,2
1903.0,2,2.0032,2,34.5708,2,43.3,2,61.5,2,,2,,2
1903.8,2,2.0026,2,34.5709,2,43.3,2,61.5,2,,2,,2
1905.1,2,2.0019,2,34.5711,2,43.4,2,61.5,2,,2,,2
1906.0,2,2.0009,2,34.5713,2,43.6,2,61.5,2,,2,,2
1907.0,2,2.0002,2,34.5714,2,43.6,2,61.5,2,,2,,2
1908.0,2,2.0001,2,34.5714,2,43.6,2,61.5,2,,2,,2
1909.1,2,1.9988,2,34.5715,2,43.7,2,61.5,2,,2,,2
1910.0,2,1.9972,2,34.5718,2,43.8,2,61.5,2,,2,,2
1911.0,2,1.9968,2,34.571999999999996,2,44.0,2,61.5,2,,2,,2
1912.0,2,1.9965,2,34.5723,2,44.1,2,61.5,2,,2,,2
1913.0,2,1.9965,2,34.5724,2,44.1,2,61.5,2,,2,,2
1914.0,2,1.9965,2,34.5722,2,44.1,2,61.5,2,,2,,2
1915.0,2,1.9966,2,34.5725,2,44.1,2,61.5,2,,2,,2
1916.1,2,1.9965,2,34.5721,2,44.2,2,61.5,2,,2,,2
1917.1,2,1.9966,2,34.5721,2,44.2,2,61.5,2,,2,,2
1918.1,2,1.9953,2,34.5723,2,44.3,2,61.5,2,,2,,2
1919.0,2,1.9945,2,34.5728,2,44.4,2,61.5,2,,2,,2
1920.0,2,1.9934,2,34.5729,2,44.4,2,61.5,2,,2,,2
1921.0,2,1.9918,2,34.5734,2,44.5,2,61.5,2,,2,,2
1922.0,2,1.9921,2,34.5732,2,44.5,2,61.5,2,,2,,2
1923.0,2,1.9923,2,34.5732,2,44.5,2,61.5,2,,2,,2
1924.1,2,1.9923,2,34.573,2,44.5,2,61.5,2,,2,,2
1925.1,2,1.9923,2,34.5731,2,44.5,2,61.5,2,,2,,2
1925.8,2,1.9925,2,34.5731,2,44.7,2,61.5,2,,2,,2
1927.0,2,1.9919,2,34.5734,2,44.7,2,61.5,2,,2,,2
1928.0,2,1.9911,2,34.5736,2,44.7,2,61.5,2,,2,,2
1929.0,2,1.9898,2,34.5739,2,44.8,2,61.5,2,,2,,2
1930.0,2,1.9886,2,34.5742,2,44.8,2,61.5,2,,2,,2
1931.0,2,1.9878,2,34.574,2,44.9,2,61.5,2,,2,,2
1932.0,2,1.9867,2,34.5742,2,45.0,2,61.5,2,,2,,2
1933.0,2,1.9866,2,34.5742,2,45.1,2,61.5,2,,2,,2
1934.0,2,1.9865,2,34.5745,2,45.1,2,61.5,2,,2,,2
1935.0,2,1.9866,2,34.5742,2,45.2,2,61.5,2,,2,,2
1936.0,2,1.9863,2,34.5745,2,45.2,2,61.5,2,,2,,2
1937.1,2,1.9847,2,34.5745,2,45.3,2,61.5,2,,2,,2
1938.0,2,1.9837,2,34.5752,2,45.4,2,61.5,2,,2,,2
1939.0,2,1.9834,2,34.5751,2,45.5,2,61.5,2,,2,,2
1940.0,2,1.9834,2,34.5752,2,45.4,2,61.5,2,,2,,2
1941.0,2,1.9834,2,34.5749,2,45.5,2,61.5,2,,2,,2
1942.0,2,1.9828,2,34.5753,2,45.5,2,61.5,2,,2,,2
1943.0,2,1.9816,2,34.5755,2,45.5,2,61.5,2,,2,,2
1943.9,2,1.9809,2,34.5753,2,45.6,2,61.5,2,,2,,2
1945.2,2,1.9806,2,34.5754,2,45.8,2,61.5,2,,2,,2
1946.0,2,1.9806,2,34.5755,2,45.9,2,61.5,2,,2,,2
1947.0,2,1.9803,2,34.5757,2,45.8,2,61.5,2,,2,,2
1948.0,2,1.9801,2,34.5758,2,45.9,2,61.5,2,,2,,2
1949.1,2,1.9795,2,34.5757,2,45.9,2,61.5,2,,2,,2
1949.9,2,1.9780000000000002,2,34.5759,2,46.0,2,61.5,2,,2,,2
1951.0,2,1.9777,2,34.5761,2,46.1,2,61.5,2,,2,,2
1952.0,2,1.9766,2,34.5763,2,46.2,2,61.5,2,,2,,2
1953.0,2,1.9757,2,34.5767,2,46.2,2,61.5,2,,2,,2
1954.0,2,1.9751,2,34.5767,2,46.2,2,61.5,2,,2,,2
1955.1,2,1.9745,2,34.5769,2,46.2,2,61.5,2,,2,,2
1956.0,2,1.9743,2,34.5765,2,46.3,2,61.5,2,,2,,2
1957.0,2,1.9743,2,34.5771,2,46.5,2,61.5,2,,2,,2
1958.0,2,1.9741,2,34.5776,2,46.6,2,61.5,2,,2,,2
1959.0,2,1.9741,2,34.577,2,46.6,2,61.5,2,,2,,2
1960.1,2,1.9738,2,34.5777,2,46.6,2,61.5,2,,2,,2
1961.1,2,1.9735,2,34.5772,2,46.6,2,61.5,2,,2,,2
1962.0,2,1.9735,2,34.5769,2,46.7,2,61.5,2,,2,,2
1963.1,2,1.9735,2,34.5768,2,46.7,2,61.5,2,,2,,2
1963.8,2,1.9736,2,34.5767,2,46.7,2,61.5,2,,2,,2
1965.0,2,1.973,2,34.5772,2,46.9,2,61.5,2,,2,,2
1966.0,2,1.9706,2,34.5776,2,46.9,2,61.5,2,,2,,2
1967.1,2,1.9692,2,34.578,2,46.8,2,61.5,2,,2,,2
1968.0,2,1.9689,2,34.578,2,46.9,2,61.5,2,,2,,2
1969.0,2,1.9685,2,34.5781,2,46.9,2,61.5,2,,2,,2
1970.0,2,1.9683,2,34.5779,2,47.0,2,61.5,2,,2,,2
1971.1,2,1.9675,2,34.5781,2,47.0,2,61.5,2,,2,,2
1971.9,2,1.9673,2,34.5779,2,47.3,2,61.5,2,,2,,2
1973.0,2,1.9671,2,34.5787,2,47.3,2,61.5,2,,2,,2
1974.0,2,1.9659,2,34.5785,2,47.3,2,61.5,2,,2,,2
1975.0,2,1.9649,2,34.5784,2,47.5,2,61.5,2,,2,,2
1976.0,2,1.9634,2,34.5789,2,47.4,2,61.5,2,,2,,2
1977.0,2,1.9621,2,34.5793,2,47.5,2,61.5,2,,2,,2
1978.0,2,1.9619,2,34.579,2,47.5,2,61.5,2,,2,,2
1979.0,2,1.9618,2,34.5791,2,47.7,2,61.5,2,,2,,2
1980.0,2,1.962,2,34.5791,2,47.7,2,61.5,2,,2,,2
1981.1,2,1.9612,2,34.5793,2,47.8,2,61.5,2,,2,,2
1982.0,2,1.9606,2,34.5794,2,48.0,2,61.5,2,,2,,2
1983.0,2,1.9594,2,34.5796,2,48.1,2,61.5,2,,2,,2
1984.0,2,1.959,2,34.5798,2,48.1,2,61.5,2,,2,,2
1985.0,2,1.9588,2,34.5797,2,48.1,2,61.5,2,,2,,2
1986.0,2,1.9586,2,34.5803,2,48.1,2,61.5,2,,2,,2
1987.0,2,1.9583,2,34.58,2,48.1,2,61.5,2,,2,,2
1988.0,2,1.9563,2,34.5799,2,48.2,2,61.5,2,,2,,2
1989.1,2,1.9548,2,34.5808,2,48.2,2,61.5,2,,2,,2
1989.9,2,1.9548,2,34.5806,2,48.3,2,61.5,2,,2,,2
1991.0,2,1.9553,2,34.5803,2,48.6,2,61.5,2,,2,,2
1992.0,2,1.9549,2,34.5809,2,48.6,2,61.5,2,,2,,2
1993.0,2,1.9537,2,34.5808,2,48.6,2,61.5,2,,2,,2
1994.1,2,1.9523,2,34.5809,2,48.6,2,61.5,2,,2,,2
1995.1,2,1.9522,2,34.5811,2,48.7,2,61.5,2,,2,,2
1996.0,2,1.952,2,34.5811,2,48.8,2,61.5,2,,2,,2
1996.9,2,1.9509999999999998,2,34.5814,2,48.9,2,61.5,2,,2,,2
1998.0,2,1.9502,2,34.5816,2,48.9,2,61.5,2,,2,,2
1999.0,2,1.9489,2,34.5818,2,49.0,2,61.5,2,,2,,2
2000.0,2,1.9484,2,34.5817,2,49.0,2,61.5,2,,2,,2
2001.0,2,1.9481,2,34.582,2,49.3,2,61.5,2,,2,,2
2002.0,2,1.9474,2,34.5822,2,49.3,2,61.5,2,,2,,2
2003.0,2,1.9462,2,34.5823,2,49.4,2,61.5,2,,2,,2
2004.0,2,1.9454,2,34.5823,2,49.4,2,61.5,2,,2,,2
2005.0,2,1.9453,2,34.5825,2,49.6,2,61.5,2,,2,,2
2006.1,2,1.9453,2,34.5823,2,49.7,2,61.5,2,,2,,2
2006.6,2,1.9454,2,34.5822,2,49.6,2,61.5,2,,2,,2
END_DATA
