CTD,20190304CCHSIOLMM
#---------------------------------------------------------------------------------------------------,,,,,,,,,,,,,,,,,
#Transmissivity - PAR - Fluorescence data are nominal and unedited except that some records were removed in editing temperature and salinity.,,,,,,,,,,,,,,,,,
#---------------------------------------------------------------------------------------------------,,,,,,,,,,,,,,,,,
#For details on how the transmissivity calibration parameters were calculated see the document Transmissivity_Calculation.pdf.,,,,,,,,,,,,,,,,,
#---------------------------------------------------------------------------------------------------,,,,,,,,,,,,,,,,,
#Based on the recommendation from Sea-Bird the method for calibration of Oxygen:Dissolved:CTD concentration was changed from that used for 2011 and some 2012 cruises. ,,,,,,,,,,,,,,,,,
#Oxygen:Dissolved:CTD calibration was done using the method described in the Sea-Bird Application Note #64-2 (Sea-Bird_64-2_Jun2012.pdf) with a modification allowing a small offset.  ,,,,,,,,,,,,,,,,,
#,,,,,,,,,,,,,,,,,
#The Oxygen:Dissolved:CTD data are considered roughly to be:,,,,,,,,,,,,,,,,,
#      • ±0.1 ml/l from 0 to 500 dbar,,,,,,,,,,,,,,,,,
#      • ±0.035 ml/l from 500 dbar to 2500 dbar,,,,,,,,,,,,,,,,,
#      • ±0.015 ml/l below 2500 dbar,,,,,,,,,,,,,,,,,
#---------------------------------------------------------------------------------------------------,,,,,,,,,,,,,,,,,
#For details processing details see the processing report 2013-01-proc.pdf,,,,,,,,,,,,,,,,,
#---------------------------------------------------------------------------------------------------,,,,,,,,,,,,,,,,,
#,,,,,,,,,,,,,,,,,
#File Name,Zone,FIL:START TIME YYYY/MM/DD, HH:MM,LOC:EVENT_NUMBER,LOC:LATITUDE,LOC:LONGITUDE,LOC:STATION,INS:LOCATION,Pressure:CTD [dbar],Temperature:CTD [deg_C_(ITS90)],Salinity:CTD [PSS-78],Sigma-t:CTD [kg/m^3],Transmissivity:CTD [*/m],Oxygen:Dissolved:CTD:Volume [ml/l],Oxygen:Dissolved:CTD:Mass [µmol/kg],Fluorescence:CTD:Seapoint [mg/m^3],PAR:CTD [µE/m^2/sec]
#,,,,,,,,,,,,,,,,,
NUMBER_HEADERS = 8
EXPOCODE = 18DD20130205
STNBR = P12
CASTNO = 3
DATE = 20130208
TIME =  22:18
LATITUDE = 48.96967
LONGITUDE = -130.6655
CTDPRS,CTDPRS_FLAG_W,CTDTMP,CTDTMP_FLAG_W,CTDSAL,CTDSAL_FLAG_W,CTDOXY,CTDOXY_FLAG_W,CTDXMISS,CTDXMISS_FLAG_W,CTDFLUOR,CTDFLUOR_FLAG_W,PAR,PAR_FLAG_W
DBAR,,ITS-90,,PSS-78,,UMOL/KG,,,,MG/M^3,,UE/m^2/sec,
5,2,-99.0,2,-99.0,2,-99.0,2,59.3,2,0.611,2,66.7,2
6,2,7.5677,2,32.5473,2,297.8,2,59.3,2,0.644,2,62.6,2
7,2,7.5652,2,32.5472,2,297.9,2,59.3,2,0.674,2,56.8,2
8,2,7.5647,2,32.5473,2,297.6,2,59.3,2,0.6859999999999999,2,47.4,2
9,2,7.5652,2,32.5472,2,297.3,2,59.3,2,0.675,2,44.5,2
10,2,7.5657,2,32.547,2,297.5,2,59.3,2,0.6859999999999999,2,42.6,2
11,2,7.5658,2,32.5472,2,297.5,2,59.2,2,0.654,2,37.8,2
12,2,7.5659,2,32.5472,2,297.5,2,59.4,2,0.6609999999999999,2,33.6,2
13,2,7.5656,2,32.5473,2,297.6,2,59.3,2,0.685,2,30.0,2
14,2,7.566,2,32.5474,2,297.1,2,59.3,2,0.687,2,26.9,2
15,2,7.5663,2,32.5478,2,296.9,2,59.4,2,0.685,2,25.4,2
16,2,7.5667,2,32.548,2,297.2,2,59.4,2,0.6829999999999999,2,23.1,2
17,2,7.5666,2,32.5476,2,297.5,2,59.4,2,0.7090000000000001,2,21.6,2
18,2,7.5667,2,32.548,2,297.4,2,59.4,2,0.703,2,20.1,2
19,2,7.5666,2,32.548,2,297.2,2,59.3,2,0.708,2,18.6,2
20,2,7.5664,2,32.548,2,297.4,2,59.4,2,0.6890000000000001,2,16.9,2
21,2,7.5668,2,32.5475,2,297.7,2,59.3,2,0.675,2,15.8,2
22,2,7.5672,2,32.5466,2,297.5,2,59.2,2,0.679,2,14.6,2
23,2,7.5663,2,32.5469,2,297.2,2,59.3,2,0.696,2,13.5,2
24,2,7.5663,2,32.5467,2,297.2,2,59.3,2,0.6759999999999999,2,12.7,2
25,2,7.5663,2,32.5467,2,297.0,2,59.1,2,0.7020000000000001,2,11.8,2
26,2,7.5661,2,32.5465,2,296.9,2,59.2,2,0.708,2,11.0,2
27,2,7.5651,2,32.5462,2,296.8,2,59.3,2,0.684,2,10.3,2
28,2,7.565,2,32.5462,2,297.5,2,59.2,2,0.6970000000000001,2,9.8,2
29,2,7.5657,2,32.5466,2,297.7,2,59.3,2,0.6970000000000001,2,9.3,2
30,2,7.5656,2,32.5465,2,297.5,2,59.3,2,0.7020000000000001,2,8.7,2
31,2,7.5665,2,32.5473,2,297.7,2,59.3,2,0.7140000000000001,2,8.1,2
32,2,7.5677,2,32.5485,2,297.4,2,59.3,2,0.672,2,7.3,2
33,2,7.5672,2,32.5476,2,297.4,2,59.3,2,0.71,2,6.8,2
34,2,7.5675,2,32.5478,2,297.1,2,59.3,2,0.71,2,6.4,2
35,2,7.5679,2,32.5481,2,296.8,2,59.4,2,0.703,2,6.1,2
36,2,7.5712,2,32.5518,2,296.3,2,59.4,2,0.7070000000000001,2,5.7,2
37,2,7.5729999999999995,2,32.5538,2,296.3,2,59.8,2,0.7090000000000001,2,5.4,2
38,2,7.5729,2,32.5539,2,296.7,2,59.9,2,0.7090000000000001,2,5.0,2
39,2,7.5724,2,32.5539,2,296.7,2,60.0,2,0.725,2,4.7,2
40,2,7.5729999999999995,2,32.5537,2,296.8,2,59.9,2,0.7140000000000001,2,4.4,2
41,2,7.5731,2,32.5538,2,296.7,2,60.0,2,0.691,2,4.1,2
42,2,7.5724,2,32.5538,2,296.6,2,60.0,2,0.6709999999999999,2,3.9,2
43,2,7.5715,2,32.5539,2,296.7,2,60.0,2,0.6990000000000001,2,3.6,2
44,2,7.5715,2,32.554,2,296.4,2,60.0,2,0.716,2,3.4,2
45,2,7.5701,2,32.5539,2,296.2,2,60.0,2,0.6990000000000001,2,3.2,2
46,2,7.5699,2,32.5539,2,296.5,2,60.1,2,0.723,2,3.0,2
47,2,7.5697,2,32.5538,2,296.5,2,60.1,2,0.6809999999999999,2,2.9,2
48,2,7.5697,2,32.5537,2,296.3,2,60.1,2,0.6920000000000001,2,2.7,2
49,2,7.5697,2,32.5537,2,296.1,2,60.1,2,0.684,2,2.5,2
50,2,7.5693,2,32.5538,2,295.8,2,60.1,2,0.691,2,2.4,2
51,2,7.5693,2,32.5539,2,295.9,2,60.1,2,0.703,2,2.2,2
52,2,7.5694,2,32.5538,2,296.3,2,60.1,2,0.69,2,2.1,2
53,2,7.5693,2,32.554,2,296.5,2,60.2,2,0.6890000000000001,2,2.0,2
54,2,7.5692,2,32.554,2,296.5,2,60.1,2,0.682,2,1.9,2
55,2,7.5695,2,32.5539,2,296.4,2,60.2,2,0.6559999999999999,2,1.8,2
56,2,7.5695,2,32.554,2,296.5,2,60.2,2,0.674,2,1.7,2
57,2,7.5692,2,32.554,2,296.7,2,60.2,2,0.701,2,1.6,2
58,2,7.5695,2,32.5539,2,296.7,2,60.2,2,0.691,2,1.4,2
59,2,7.5693,2,32.554,2,296.0,2,60.1,2,0.711,2,1.4,2
60,2,7.5696,2,32.5537,2,295.8,2,60.2,2,0.6859999999999999,2,1.3,2
61,2,7.5698,2,32.5538,2,295.3,2,60.1,2,0.667,2,1.2,2
62,2,7.5699,2,32.5539,2,295.8,2,60.2,2,0.6809999999999999,2,1.1,2
63,2,7.5699,2,32.5538,2,296.0,2,60.2,2,0.695,2,1.1,2
64,2,7.5701,2,32.5539,2,295.7,2,60.1,2,0.6970000000000001,2,1.0,2
65,2,7.57,2,32.5542,2,295.2,2,60.2,2,0.7,2,1.0,2
66,2,7.5699,2,32.5541,2,295.0,2,60.3,2,0.65,2,0.9,2
67,2,7.5692,2,32.5545,2,295.4,2,60.3,2,0.672,2,0.8,2
68,2,7.5661,2,32.5555,2,295.4,2,60.5,2,0.631,2,0.8,2
69,2,7.5607,2,32.5576,2,295.0,2,60.7,2,0.622,2,0.7,2
70,2,7.5591,2,32.5582,2,295.2,2,61.0,2,0.611,2,0.7,2
71,2,7.5581,2,32.5585,2,295.0,2,60.9,2,0.58,2,0.7,2
72,2,7.5574,2,32.559,2,294.7,2,60.9,2,0.5770000000000001,2,0.6,2
73,2,7.5566,2,32.5594,2,294.2,2,60.9,2,0.5770000000000001,2,0.6,2
74,2,7.5555,2,32.5598,2,292.9,2,60.9,2,0.585,2,0.6,2
75,2,7.5533,2,32.5607,2,291.6,2,60.9,2,0.5870000000000001,2,0.5,2
76,2,7.5441,2,32.5643,2,290.6,2,61.0,2,0.5760000000000001,2,0.5,2
77,2,7.5312,2,32.5689,2,289.6,2,61.1,2,0.5429999999999999,2,0.5,2
78,2,7.4625,2,32.5911,2,289.2,2,61.3,2,0.473,2,0.4,2
79,2,7.3687,2,32.6189,2,288.9,2,62.0,2,0.381,2,0.4,2
80,2,7.3516,2,32.6219,2,288.6,2,62.8,2,0.34600000000000003,2,0.4,2
81,2,7.3412,2,32.6241,2,287.7,2,62.9,2,0.304,2,0.4,2
82,2,7.3262,2,32.6278,2,286.7,2,63.0,2,0.3,2,0.3,2
83,2,7.3116,2,32.6314,2,286.1,2,63.1,2,0.281,2,0.3,2
84,2,7.3028,2,32.6336,2,285.5,2,63.2,2,0.273,2,0.3,2
85,2,7.2676,2,32.641999999999996,2,285.2,2,63.3,2,0.254,2,0.3,2
86,2,7.2191,2,32.6529,2,284.9,2,63.4,2,0.233,2,0.3,2
87,2,7.1557,2,32.6674,2,284.6,2,63.5,2,0.218,2,0.3,2
88,2,7.1219,2,32.6743,2,284.2,2,63.8,2,0.20800000000000002,2,0.3,2
89,2,7.0884,2,32.681999999999995,2,284.2,2,63.8,2,0.201,2,0.2,2
90,2,7.0568,2,32.6896,2,283.6,2,63.8,2,0.204,2,0.2,2
91,2,7.0423,2,32.693000000000005,2,282.2,2,63.9,2,0.20199999999999999,2,0.2,2
92,2,7.0166,2,32.6993,2,281.1,2,63.9,2,0.192,2,0.2,2
93,2,6.9891,2,32.7062,2,279.6,2,63.9,2,0.19,2,0.2,2
94,2,6.9578,2,32.7133,2,278.3,2,64.1,2,0.183,2,0.2,2
95,2,6.9091,2,32.7262,2,277.2,2,64.1,2,0.16399999999999998,2,0.2,2
96,2,6.8162,2,32.7529,2,276.4,2,64.0,2,0.163,2,0.2,2
97,2,6.8001,2,32.7549,2,275.1,2,64.1,2,0.171,2,0.2,2
98,2,6.7609,2,32.7634,2,274.0,2,64.2,2,0.163,2,0.2,2
99,2,6.6851,2,32.8009,2,272.2,2,64.2,2,0.14400000000000002,2,0.2,2
100,2,6.6447,2,32.8292,2,270.0,2,64.3,2,0.129,2,0.1,2
101,2,6.5649,2,32.8787,2,269.0,2,64.3,2,0.11599999999999999,2,0.1,2
102,2,6.5520000000000005,2,32.8881,2,268.6,2,64.5,2,0.11199999999999999,2,0.1,2
103,2,6.5399,2,32.9019,2,268.0,2,64.6,2,0.111,2,0.1,2
104,2,6.5368,2,32.9041,2,267.2,2,64.5,2,0.107,2,0.1,2
105,2,6.5357,2,32.9075,2,265.6,2,64.7,2,0.107,2,0.1,2
106,2,6.5325,2,32.93,2,260.6,2,64.6,2,0.105,2,0.1,2
107,2,6.5421,2,32.9652,2,252.6,2,64.6,2,0.102,2,0.1,2
108,2,6.5669,2,33.0057,2,248.3,2,64.7,2,0.099,2,0.1,2
109,2,6.6254,2,33.0702,2,246.7,2,64.7,2,0.1,2,0.1,2
110,2,6.6661,2,33.1152,2,245.0,2,64.8,2,0.094,2,0.1,2
111,2,6.6816,2,33.1346,2,243.1,2,64.8,2,0.098,2,0.1,2
112,2,6.6865,2,33.1401,2,241.2,2,64.8,2,0.092,2,0.1,2
113,2,6.6979,2,33.1532,2,239.3,2,64.8,2,0.08900000000000001,2,0.1,2
114,2,6.7152,2,33.1751,2,237.0,2,64.9,2,0.087,2,0.1,2
115,2,6.7356,2,33.2022,2,234.3,2,64.8,2,0.08900000000000001,2,0.1,2
116,2,6.7566,2,33.2255,2,231.8,2,64.9,2,0.08800000000000001,2,0.1,2
117,2,6.7893,2,33.2616,2,229.8,2,64.9,2,0.08900000000000001,2,0.1,2
118,2,6.8107,2,33.2858,2,227.4,2,64.8,2,0.085,2,0.1,2
119,2,6.8203,2,33.2968,2,225.8,2,64.9,2,0.087,2,0.1,2
120,2,6.8414,2,33.3209,2,225.0,2,64.9,2,0.08800000000000001,2,0.1,2
121,2,6.8573,2,33.3392,2,224.2,2,64.9,2,0.087,2,0.1,2
122,2,6.8636,2,33.347,2,223.3,2,64.9,2,0.084,2,0.1,2
123,2,6.8718,2,33.3578,2,221.4,2,64.9,2,0.086,2,0.0,2
124,2,6.8846,2,33.3739,2,219.6,2,64.8,2,0.086,2,0.0,2
125,2,6.8958,2,33.3883,2,217.7,2,64.6,2,0.084,2,0.0,2
126,2,6.9302,2,33.4306,2,216.4,2,64.4,2,0.085,2,0.0,2
127,2,6.9393,2,33.4409,2,215.3,2,64.9,2,0.084,2,0.0,2
128,2,6.9482,2,33.4535,2,214.4,2,64.9,2,0.09,2,0.0,2
129,2,6.9617,2,33.4727,2,213.7,2,64.9,2,0.087,2,0.0,2
130,2,6.9733,2,33.4873,2,213.1,2,64.9,2,0.081,2,0.0,2
131,2,6.9859,2,33.5034,2,211.2,2,64.9,2,0.084,2,0.0,2
132,2,6.9922,2,33.5095,2,208.4,2,64.9,2,0.085,2,0.0,2
133,2,6.9989,2,33.5166,2,206.2,2,64.9,2,0.083,2,0.0,2
134,2,7.0327,2,33.5633,2,204.6,2,64.9,2,0.085,2,0.0,2
135,2,7.0637,2,33.6044,2,202.7,2,64.9,2,0.084,2,0.0,2
136,2,7.0687,2,33.6109,2,196.0,2,64.1,2,0.08199999999999999,2,0.0,2
137,2,7.0779,2,33.6246,2,189.7,2,64.9,2,0.083,2,0.0,2
138,2,7.0977,2,33.653,2,186.8,2,64.9,2,0.083,2,0.0,2
139,2,7.129,2,33.6994,2,185.0,2,64.9,2,0.086,2,0.0,2
140,2,7.1548,2,33.747,2,183.7,2,64.9,2,0.083,2,0.0,2
141,2,7.1553,2,33.7524,2,182.8,2,64.9,2,0.08199999999999999,2,0.0,2
142,2,7.1546,2,33.7581,2,182.0,2,64.9,2,0.083,2,0.0,2
143,2,7.1553,2,33.7647,2,181.4,2,64.9,2,0.081,2,0.0,2
144,2,7.1574,2,33.7681,2,181.2,2,64.9,2,0.08199999999999999,2,0.0,2
145,2,7.1591,2,33.7746,2,181.1,2,65.0,2,0.081,2,0.0,2
146,2,7.1574,2,33.7791,2,181.0,2,64.9,2,0.081,2,0.0,2
147,2,7.1579999999999995,2,33.7798,2,180.3,2,64.9,2,0.083,2,0.0,2
148,2,7.1587,2,33.7842,2,179.4,2,65.0,2,0.08199999999999999,2,0.0,2
149,2,7.1613,2,33.8075,2,178.3,2,64.9,2,0.083,2,0.0,2
150,2,7.1597,2,33.8198,2,175.9,2,64.9,2,0.08,2,0.0,2
151,2,7.1579,2,33.8257,2,173.0,2,65.0,2,0.079,2,0.0,2
152,2,7.1489,2,33.8312,2,169.6,2,64.9,2,0.081,2,0.0,2
153,2,7.1199,2,33.8368,2,165.4,2,65.1,2,0.08199999999999999,2,0.0,2
154,2,7.1004,2,33.8398,2,160.8,2,65.0,2,0.08199999999999999,2,0.0,2
155,2,7.0769,2,33.8427,2,157.3,2,65.0,2,0.08199999999999999,2,0.0,2
156,2,7.0584,2,33.8441,2,155.7,2,65.0,2,0.08199999999999999,2,0.0,2
157,2,7.0215,2,33.8506,2,154.7,2,65.0,2,0.083,2,0.0,2
158,2,6.9937,2,33.8552,2,153.7,2,64.9,2,0.08199999999999999,2,0.0,2
159,2,6.9809,2,33.858000000000004,2,152.2,2,64.9,2,0.083,2,0.0,2
160,2,6.9781,2,33.8581,2,150.3,2,65.0,2,0.08,2,0.0,2
161,2,6.9761,2,33.8582,2,149.1,2,65.0,2,0.083,2,0.0,2
162,2,6.9414,2,33.8619,2,148.3,2,64.9,2,0.081,2,0.0,2
163,2,6.8782,2,33.8667,2,148.2,2,65.0,2,0.08199999999999999,2,0.0,2
164,2,6.8655,2,33.8665,2,147.4,2,65.0,2,0.08199999999999999,2,0.0,2
165,2,6.8639,2,33.8663,2,147.0,2,65.0,2,0.083,2,0.0,2
166,2,6.8636,2,33.8663,2,146.9,2,65.0,2,0.083,2,0.0,2
167,2,6.8617,2,33.8666,2,146.7,2,65.0,2,0.08199999999999999,2,0.0,2
168,2,6.8555,2,33.8675,2,146.2,2,65.0,2,0.084,2,0.0,2
169,2,6.8523,2,33.868,2,145.8,2,65.0,2,0.084,2,0.0,2
170,2,6.8501,2,33.8683,2,145.4,2,65.0,2,0.081,2,0.0,2
171,2,6.847,2,33.8687,2,145.0,2,65.0,2,0.08199999999999999,2,0.0,2
172,2,6.8366,2,33.8707,2,144.5,2,65.0,2,0.084,2,0.0,2
173,2,6.8152,2,33.8748,2,144.0,2,65.0,2,0.083,2,0.0,2
174,2,6.7907,2,33.8772,2,143.5,2,65.0,2,0.083,2,0.0,2
175,2,6.7755,2,33.8785,2,142.8,2,65.1,2,0.084,2,0.0,2
176,2,6.756,2,33.8806,2,141.8,2,65.1,2,0.083,2,0.0,2
177,2,6.7528,2,33.8808,2,140.8,2,65.1,2,0.083,2,0.0,2
178,2,6.7438,2,33.8811,2,140.1,2,65.1,2,0.083,2,0.0,2
179,2,6.7252,2,33.8824,2,139.4,2,65.1,2,0.084,2,0.0,2
180,2,6.7058,2,33.8838,2,138.9,2,65.1,2,0.084,2,0.0,2
181,2,6.6958,2,33.884,2,138.4,2,65.1,2,0.085,2,0.0,2
182,2,6.6886,2,33.8849,2,137.8,2,65.1,2,0.083,2,0.0,2
183,2,6.68,2,33.8859,2,134.8,2,65.1,2,0.085,2,0.0,2
184,2,6.6601,2,33.8881,2,133.3,2,65.0,2,0.08800000000000001,2,0.0,2
185,2,6.6479,2,33.8898,2,132.6,2,65.1,2,0.084,2,0.0,2
186,2,6.6204,2,33.891999999999996,2,132.1,2,65.1,2,0.086,2,0.0,2
187,2,6.596,2,33.8933,2,131.7,2,65.0,2,0.084,2,0.0,2
188,2,6.5878,2,33.8935,2,131.2,2,65.0,2,0.083,2,0.0,2
189,2,6.5765,2,33.8939,2,131.0,2,65.0,2,0.085,2,0.0,2
190,2,6.5444,2,33.8958,2,130.8,2,65.0,2,0.08199999999999999,2,0.0,2
191,2,6.535,2,33.8957,2,130.8,2,65.1,2,0.084,2,0.0,2
192,2,6.5205,2,33.8957,2,130.8,2,65.1,2,0.087,2,0.0,2
193,2,6.5141,2,33.8956,2,130.5,2,65.1,2,0.084,2,0.0,2
194,2,6.5126,2,33.8957,2,130.2,2,65.0,2,0.084,2,0.0,2
195,2,6.5082,2,33.896,2,129.3,2,65.1,2,0.087,2,0.0,2
196,2,6.5031,2,33.8962,2,127.3,2,65.1,2,0.084,2,0.0,2
197,2,6.4857,2,33.8973,2,125.4,2,65.1,2,0.083,2,0.0,2
198,2,6.4655,2,33.8988,2,124.5,2,65.1,2,0.085,2,0.0,2
199,2,6.4502,2,33.9004,2,124.1,2,65.1,2,0.08900000000000001,2,0.0,2
200,2,6.4351,2,33.9016,2,123.8,2,65.1,2,0.086,2,0.0,2
201,2,6.4252,2,33.9023,2,123.3,2,65.1,2,0.085,2,0.0,2
202,2,6.4216,2,33.9023,2,123.0,2,65.1,2,0.084,2,0.0,2
203,2,6.42,2,33.9025,2,122.1,2,65.1,2,0.08199999999999999,2,0.0,2
204,2,6.4175,2,33.9026,2,121.3,2,65.1,2,0.084,2,0.0,2
205,2,6.4106,2,33.903,2,120.9,2,65.1,2,0.084,2,0.0,2
206,2,6.3919,2,33.9051,2,120.5,2,65.1,2,0.084,2,0.0,2
207,2,6.3846,2,33.9056,2,120.2,2,65.1,2,0.085,2,0.0,2
208,2,6.3806,2,33.9057,2,120.1,2,65.1,2,0.085,2,0.0,2
209,2,6.3792,2,33.9057,2,119.9,2,65.0,2,0.086,2,0.0,2
210,2,6.3774,2,33.9058,2,119.7,2,65.1,2,0.086,2,0.0,2
211,2,6.376,2,33.9059,2,119.3,2,65.1,2,0.084,2,0.0,2
212,2,6.3747,2,33.906,2,118.5,2,65.1,2,0.084,2,0.0,2
213,2,6.372999999999999,2,33.906,2,117.9,2,65.1,2,0.083,2,0.0,2
214,2,6.3694,2,33.9062,2,117.4,2,65.1,2,0.083,2,0.0,2
215,2,6.3453,2,33.9075,2,117.1,2,65.1,2,0.084,2,0.0,2
216,2,6.3307,2,33.9085,2,116.9,2,65.1,2,0.084,2,0.0,2
217,2,6.3179,2,33.909,2,116.8,2,65.1,2,0.085,2,0.0,2
218,2,6.308,2,33.9087,2,116.8,2,65.1,2,0.083,2,0.0,2
219,2,6.3022,2,33.9088,2,116.9,2,65.1,2,0.083,2,0.0,2
220,2,6.2967,2,33.9087,2,116.7,2,65.1,2,0.085,2,0.0,2
221,2,6.2956,2,33.9086,2,116.5,2,65.1,2,0.084,2,0.0,2
222,2,6.2931,2,33.9088,2,116.2,2,65.1,2,0.085,2,0.0,2
223,2,6.2802,2,33.9087,2,116.1,2,65.1,2,0.087,2,0.0,2
224,2,6.2633,2,33.9088,2,115.9,2,65.1,2,0.084,2,0.0,2
225,2,6.2471,2,33.9089,2,115.8,2,65.1,2,0.086,2,0.0,2
226,2,6.2429,2,33.9086,2,115.8,2,65.1,2,0.087,2,0.0,2
227,2,6.2365,2,33.9081,2,115.4,2,65.1,2,0.085,2,0.0,2
228,2,6.2243,2,33.9086,2,115.0,2,65.1,2,0.086,2,0.0,2
229,2,6.2213,2,33.909,2,114.8,2,65.1,2,0.083,2,0.0,2
230,2,6.2212,2,33.9095,2,114.7,2,65.1,2,0.083,2,0.0,2
231,2,6.2202,2,33.9097,2,114.5,2,65.1,2,0.084,2,0.0,2
232,2,6.2206,2,33.9099,2,114.1,2,65.1,2,0.085,2,0.0,2
233,2,6.2215,2,33.9101,2,113.8,2,65.1,2,0.086,2,0.0,2
234,2,6.221,2,33.9106,2,113.4,2,65.1,2,0.085,2,0.0,2
235,2,6.2187,2,33.9114,2,113.2,2,65.1,2,0.084,2,0.0,2
236,2,6.2112,2,33.912,2,113.4,2,65.1,2,0.085,2,0.0,2
237,2,6.207000000000001,2,33.912,2,113.7,2,65.1,2,0.085,2,0.0,2
238,2,6.2006,2,33.9117,2,113.5,2,65.1,2,0.085,2,0.0,2
239,2,6.1997,2,33.9115,2,113.2,2,65.1,2,0.08800000000000001,2,0.0,2
240,2,6.1991,2,33.9117,2,112.8,2,65.1,2,0.086,2,0.0,2
241,2,6.1978,2,33.9116,2,111.9,2,65.1,2,0.084,2,0.0,2
242,2,6.1957,2,33.9118,2,111.1,2,65.1,2,0.086,2,0.0,2
243,2,6.1813,2,33.9127,2,110.3,2,65.1,2,0.083,2,0.0,2
244,2,6.1538,2,33.9143,2,109.8,2,65.1,2,0.085,2,0.0,2
245,2,6.1376,2,33.915,2,109.7,2,65.1,2,0.084,2,0.0,2
246,2,6.1283,2,33.9153,2,109.6,2,65.1,2,0.086,2,0.0,2
247,2,6.1247,2,33.9153,2,109.4,2,65.1,2,0.087,2,0.0,2
248,2,6.1218,2,33.9155,2,109.3,2,65.1,2,0.085,2,0.0,2
249,2,6.1186,2,33.9156,2,109.1,2,65.1,2,0.086,2,0.0,2
250,2,6.1178,2,33.9157,2,108.8,2,65.1,2,0.085,2,0.0,2
251,2,6.1143,2,33.9159,2,108.2,2,65.1,2,0.086,2,0.0,2
252,2,6.11,2,33.9163,2,107.3,2,65.2,2,0.086,2,0.0,2
253,2,6.0966,2,33.9173,2,107.0,2,65.1,2,0.086,2,0.0,2
254,2,6.0931,2,33.9178,2,106.6,2,65.2,2,0.084,2,0.0,2
255,2,6.0903,2,33.9181,2,106.5,2,65.1,2,0.083,2,0.0,2
256,2,6.0864,2,33.9183,2,106.4,2,65.1,2,0.085,2,0.0,2
257,2,6.0811,2,33.9185,2,106.2,2,65.1,2,0.084,2,0.0,2
258,2,6.0767,2,33.9185,2,106.1,2,65.0,2,0.083,2,0.0,2
259,2,6.0702,2,33.9186,2,105.8,2,65.1,2,0.086,2,0.0,2
260,2,6.0645,2,33.9187,2,105.4,2,65.2,2,0.087,2,0.0,2
261,2,6.0509,2,33.9186,2,105.3,2,65.2,2,0.08800000000000001,2,0.0,2
262,2,6.0419,2,33.9189,2,104.9,2,65.2,2,0.087,2,0.0,2
263,2,6.0379,2,33.9191,2,104.4,2,65.2,2,0.084,2,0.0,2
264,2,6.0317,2,33.9198,2,104.2,2,65.1,2,0.086,2,0.0,2
265,2,6.0178,2,33.9207,2,103.8,2,65.1,2,0.084,2,0.0,2
266,2,6.0092,2,33.9209,2,102.8,2,65.1,2,0.084,2,0.0,2
267,2,6.0042,2,33.9213,2,101.5,2,65.1,2,0.085,2,0.0,2
268,2,6.0004,2,33.922,2,100.4,2,65.2,2,0.086,2,0.0,2
269,2,5.9984,2,33.9238,2,98.7,2,65.2,2,0.085,2,0.0,2
270,2,5.9924,2,33.9246,2,97.2,2,65.2,2,0.084,2,0.0,2
271,2,5.9917,2,33.9257,2,96.1,2,65.2,2,0.087,2,0.0,2
272,2,5.9896,2,33.9283,2,95.2,2,65.2,2,0.086,2,0.0,2
273,2,5.9859,2,33.9308,2,94.7,2,65.2,2,0.085,2,0.0,2
274,2,5.9785,2,33.9323,2,94.4,2,65.2,2,0.085,2,0.0,2
275,2,5.9729,2,33.9331,2,93.7,2,65.2,2,0.084,2,0.0,2
276,2,5.9689,2,33.9335,2,93.0,2,65.2,2,0.087,2,0.0,2
277,2,5.9637,2,33.9343,2,92.5,2,65.3,2,0.086,2,0.0,2
278,2,5.9574,2,33.9352,2,91.7,2,65.3,2,0.084,2,0.0,2
279,2,5.9485,2,33.9362,2,91.6,2,65.2,2,0.085,2,0.0,2
280,2,5.939,2,33.9372,2,91.5,2,65.3,2,0.087,2,0.0,2
281,2,5.9378,2,33.9372,2,91.3,2,65.3,2,0.08800000000000001,2,0.0,2
282,2,5.9363,2,33.9372,2,91.0,2,65.3,2,0.087,2,0.0,2
283,2,5.9334,2,33.9374,2,90.6,2,65.2,2,0.086,2,0.0,2
284,2,5.9286,2,33.9376,2,90.3,2,65.3,2,0.085,2,0.0,2
285,2,5.9216,2,33.9382,2,89.8,2,65.3,2,0.086,2,0.0,2
286,2,5.9152,2,33.9386,2,89.6,2,65.3,2,0.087,2,0.0,2
287,2,5.9114,2,33.9386,2,89.4,2,65.3,2,0.085,2,0.0,2
288,2,5.9059,2,33.939,2,89.3,2,65.3,2,0.086,2,0.0,2
289,2,5.8973,2,33.9395,2,89.3,2,65.3,2,0.085,2,0.0,2
290,2,5.8954,2,33.9394,2,89.2,2,65.3,2,0.087,2,0.0,2
291,2,5.8924,2,33.9397,2,88.8,2,65.3,2,0.085,2,0.0,2
292,2,5.8871,2,33.9398,2,88.4,2,65.1,2,0.087,2,0.0,2
293,2,5.8824,2,33.9399,2,87.8,2,65.2,2,0.086,2,0.0,2
294,2,5.8702,2,33.9409,2,87.0,2,65.3,2,0.086,2,0.0,2
295,2,5.8672,2,33.9414,2,86.1,2,65.3,2,0.087,2,0.0,2
296,2,5.8677,2,33.9438,2,85.4,2,65.3,2,0.086,2,0.0,2
297,2,5.8629999999999995,2,33.9461,2,84.0,2,65.3,2,0.085,2,0.0,2
298,2,5.8542,2,33.9481,2,82.4,2,65.3,2,0.08800000000000001,2,0.0,2
299,2,5.8361,2,33.9495,2,82.3,2,65.3,2,0.084,2,0.0,2
300,2,5.8089,2,33.9523,2,82.7,2,65.3,2,0.085,2,0.0,2
301,2,5.8054,2,33.9537,2,81.7,2,65.3,2,0.086,2,0.0,2
END_DATA
